3.474880175955699  -41.030141030492324  54.756473541259766  1
3.8748801759062226  -40.6301410305418  54.262393951416016  1
0.274880176351511  -39.83014103064075  53.501102447509766  1
0.6748801763020345  -39.83014103064075  53.461795806884766  1
6.274880175609363  -39.43014103069023  52.68184280395508  1
0.6748801763020345  -39.030141030739706  52.387088775634766  1
1.074880176252558  -39.030141030739706  52.35078048706055  1
6.274880175609363  -39.030141030739706  52.22068786621094  1
0.6748801763020345  -38.63014103078918  51.933780670166016  1
5.87488017565884  -38.63014103078918  51.758602142333984  1
6.274880175609363  -38.63014103078918  51.765987396240234  1
6.6748801755598866  -38.63014103078918  51.77634811401367  1
6.274880175609363  -38.23014103083866  51.23162841796875  1
6.6748801755598866  -38.23014103083866  51.242496490478516  1
15.07488017452088  -38.23014103083866  52.02828598022461  1
5.87488017565884  -37.830141030888136  50.68901062011719  1
6.274880175609363  -37.830141030888136  50.697349548339844  1
14.674880174570356  -37.830141030888136  51.568504333496094  1
15.07488017452088  -37.830141030888136  51.642520904541016  1
5.074880175757793  -37.43014103093761  50.21636962890625  1
5.474880175708316  -37.43014103093761  50.22159194946289  1
14.674880174570356  -37.43014103093761  51.05176544189453  1
15.07488017452088  -37.43014103093761  51.12692642211914  1
13.474880174718786  -37.03014103098709  50.444339752197266  0
15.07488017452088  -37.03014103098709  50.61180877685547  1
13.074880174768262  -36.630141031036565  49.85685348510742  0
13.474880174718786  -36.630141031036565  49.924598693847656  0
13.474880174718786  -36.23014103108604  49.48946762084961  0
13.074880174768262  -35.83014103113552  48.89864730834961  0
13.474880174718786  -35.83014103113552  48.97021484375  0
3.474880175955699  -35.430141031184995  47.65209197998047  0
3.8748801759062226  -35.430141031184995  47.65221405029297  0
13.474880174718786  -35.430141031184995  48.451393127441406  0
3.474880175955699  -35.03014103123447  47.11417770385742  0
3.8748801759062226  -35.03014103123447  47.1146354675293  0
14.674880174570356  -35.03014103123447  48.260990142822266  1
14.674880174570356  -34.63014103128395  47.825374603271484  1
14.674880174570356  -34.230141031333424  47.311065673828125  1
14.674880174570356  -33.8301410313829  46.79731750488281  1
13.074880174768262  -33.43014103143238  46.01010513305664  0
14.674880174570356  -33.43014103143238  46.36217498779297  1
13.074880174768262  -33.030141031481854  45.50859832763672  0
14.674880174570356  -33.030141031481854  45.867313385009766  1
13.074880174768262  -32.63014103153133  44.99089050292969  0
13.074880174768262  -32.23014103158081  44.473697662353516  0
13.074880174768262  -31.830141031630287  43.97694778442383  0
13.074880174768262  -31.430141031679764  43.46077346801758  0
17.474880174224023  -30.230141031828193  43.14516830444336  1
17.0748801742735  -29.83014103187767  42.520023345947266  1
16.674880174322976  -29.030141031976623  41.40359115600586  1
17.0748801742735  -29.030141031976623  41.534088134765625  1
17.0748801742735  -28.6301410320261  41.04025650024414  1
17.0748801742735  -28.230141032075576  40.54759216308594  1
17.474880174224023  -28.230141032075576  40.68528747558594  1
37.47488017175019  -28.230141032075576  50.473907470703125  0
17.474880174224023  -27.830141032125052  40.196876525878906  1
17.474880174224023  -27.43014103217453  39.681758880615234  1
17.874880174174546  -27.43014103217453  39.8265380859375  1
17.874880174174546  -27.030141032224005  39.342071533203125  1
17.874880174174546  -26.63014103227348  38.85905838012695  1
18.27488017412507  -26.63014103227348  39.011558532714844  1
18.674880174075593  -26.63014103227348  39.1673698425293  1
19.874880173927163  -26.63014103227348  39.654273986816406  1
17.874880174174546  -26.23014103232296  38.3775520324707  1
18.27488017412507  -26.23014103232296  38.53233337402344  1
18.674880174075593  -26.23014103232296  38.69044876098633  1
19.074880174026116  -26.23014103232296  38.85186004638672  1
20.67488017382821  -26.23014103232296  39.52960968017578  1
21.074880173778734  -26.23014103232296  39.70686721801758  1
21.474880173729257  -26.23014103232296  39.88717269897461  1
21.87488017367978  -26.23014103232296  40.10074996948242  1
25.474880173234492  -26.23014103232296  41.88029479980469  1
18.27488017412507  -25.830141032372435  37.99738693237305  1
18.674880174075593  -25.830141032372435  38.18772506713867  1
19.074880174026116  -25.830141032372435  38.37898635864258  1
19.47488017397664  -25.830141032372435  38.546043395996094  1
19.874880173927163  -25.830141032372435  38.716331481933594  1
20.67488017382821  -25.830141032372435  39.066429138183594  1
21.074880173778734  -25.830141032372435  39.246150970458984  1
21.474880173729257  -25.830141032372435  39.42893600463867  1
21.87488017367978  -25.830141032372435  39.6147346496582  1
18.27488017412507  -25.43014103242191  37.52181625366211  1
18.674880174075593  -25.43014103242191  37.68396759033203  1
19.074880174026116  -25.43014103242191  37.84946823120117  1
19.47488017397664  -25.43014103242191  38.01827621459961  1
19.874880173927163  -25.43014103242191  38.25015640258789  1
20.274880173877687  -25.43014103242191  38.42611312866211  1
20.67488017382821  -25.43014103242191  38.60523223876953  1
21.074880173778734  -25.43014103242191  38.78746795654297  1
21.474880173729257  -25.43014103242191  38.972774505615234  1
18.674880174075593  -25.030141032471388  37.21261978149414  1
19.074880174026116  -25.030141032471388  37.380615234375  1
19.47488017397664  -25.030141032471388  37.551937103271484  1
19.874880173927163  -25.030141032471388  37.72653579711914  1
20.274880173877687  -25.030141032471388  37.90437316894531  1
34.274880172146005  -25.030141032471388  45.901920318603516  1
34.67488017209653  -25.030141032471388  46.143306732177734  1
33.87488017219548  -24.630141032520864  45.26664733886719  1
34.274880172146005  -24.630141032520864  45.533756256103516  1
34.67488017209653  -24.630141032520864  45.802642822265625  1
21.87488017367978  -24.23014103257034  37.75223159790039  0
23.474880173481875  -24.23014103257034  38.62837219238281  0
19.074880174026116  -22.230141032817723  34.1376953125  1
18.674880174075593  -21.8301410328672  33.568748474121094  1
19.074880174026116  -21.8301410328672  33.7593879699707  1
19.074880174026116  -21.430141032916676  33.31039047241211  1
19.874880173927163  -19.030141033213535  31.353914260864258  1
19.074880174026116  -18.630141033263012  30.482444763183594  1
-0.525119823549536  -18.23014103331249  24.63861656188965  1
-0.1251198235990125  -18.23014103331249  24.64710807800293  1
0.274880176351511  -18.23014103331249  24.66175651550293  1
0.6748801763020345  -18.23014103331249  24.68254852294922  1
1.074880176252558  -18.23014103331249  24.709468841552734  1
1.4748801762030814  -18.23014103331249  24.74249839782715  1
19.874880173927163  -18.23014103331249  30.511497497558594  1
20.274880173877687  -18.23014103331249  30.744115829467773  1
-0.525119823549536  -17.830141033361965  24.074243545532227  1
-0.1251198235990125  -17.830141033361965  24.089120864868164  1
0.274880176351511  -17.830141033361965  24.110305786132812  1
0.6748801763020345  -17.830141033361965  24.137779235839844  1
1.074880176252558  -17.830141033361965  24.17152214050293  1
1.4748801762030814  -17.830141033361965  24.211509704589844  1
1.874880176153605  -17.830141033361965  24.257707595825195  1
-0.525119823549536  -17.43014103341144  23.529218673706055  1
-0.1251198235990125  -17.43014103341144  23.54498863220215  1
0.274880176351511  -17.43014103341144  23.567211151123047  1
0.6748801763020345  -17.43014103341144  23.59587287902832  1
1.074880176252558  -17.43014103341144  23.63094711303711  1
1.4748801762030814  -17.43014103341144  23.672405242919922  1
1.874880176153605  -17.43014103341144  23.720216751098633  1
0.6748801763020345  -17.030141033460918  23.055997848510742  1
1.074880176252558  -17.030141033460918  23.09139633178711  1
0.6748801763020345  -16.630141033510395  22.516132354736328  1
1.074880176252558  -16.630141033510395  22.551870346069336  1
1.4748801762030814  -16.630141033510395  22.594297409057617  1
0.6748801763020345  -16.23014103355987  21.967939376831055  1
1.074880176252558  -16.23014103355987  22.01170539855957  1
1.4748801762030814  -16.23014103355987  22.05567169189453  1
1.074880176252558  -15.830141033609346  21.468873977661133  1
-40.12511981865136  -15.430141033658822  45.67946243286133  1
1.074880176252558  -15.430141033658822  20.9298038482666  1
20.274880173877687  -15.430141033658822  28.588354110717773  1
1.074880176252558  -15.030141033708299  20.39076805114746  1
1.4748801762030814  -15.030141033708299  20.43937873840332  1
1.074880176252558  -14.630141033757775  19.844345092773438  1
1.4748801762030814  -14.630141033757775  19.899341583251953  1
-38.52511981884927  -14.230141033807252  43.43024826049805  0
1.4748801762030814  -14.230141033807252  19.36167335510254  1
-38.52511981884927  -13.830141033856728  43.162349700927734  0
-35.32511981924508  -12.630141034005158  39.56720733642578  1
-36.12511981914613  -12.230141034054634  39.987762451171875  1
4.274880175856746  -12.230141034054634  17.377466201782227  0
-0.1251198235990125  -11.83014103410411  15.909551620483398  1
4.674880175807269  -11.83014103410411  16.99208641052246  0
5.87488017565884  -9.830141034351493  14.968219757080078  0
-1.325119823450583  -9.030141034450446  12.064614295959473  1
-3.7251198231537237  -8.630141034499923  11.772716522216797  1
-3.3251198232032  -8.630141034499923  11.699551582336426  1
-2.9251198232526767  -8.630141034499923  11.639302253723145  1
-2.5251198233021532  -8.630141034499923  11.592169761657715  1
-2.1251198233516297  -8.630141034499923  11.558313369750977  1
-1.7251198234011065  -8.630141034499923  11.722878456115723  1
-1.325119823450583  -8.630141034499923  11.660287857055664  1
-0.9251198235000595  -8.630141034499923  11.610753059387207  1
-0.525119823549536  -8.630141034499923  11.574435234069824  1
-4.525119823054771  -8.2301410345494  11.459945678710938  1
-4.125119823104248  -8.2301410345494  11.35529899597168  1
-3.7251198231537237  -8.2301410345494  11.263501167297363  1
-3.3251198232032  -8.2301410345494  11.586015701293945  1
-2.9251198232526767  -8.2301410345494  11.469000816345215  1
-2.5251198233021532  -8.2301410345494  11.364527702331543  1
-2.1251198233516297  -8.2301410345494  11.272923469543457  1
-1.7251198234011065  -8.2301410345494  11.194489479064941  1
-1.325119823450583  -8.2301410345494  11.129487037658691  1
-0.9251198235000595  -8.2301410345494  11.078144073486328  1
-4.525119823054771  -7.830141034598876  10.966882705688477  1
-4.125119823104248  -7.830141034598876  11.356039047241211  1
-3.7251198231537237  -7.830141034598876  11.209258079528809  1
-3.3251198232032  -7.830141034598876  11.074689865112305  1
-2.9251198232526767  -7.830141034598876  10.95276165008545  1
7.874880175411457  -7.830141034598876  12.849188804626465  0
17.474880174224023  -7.830141034598876  20.648584365844727  0
-5.325119822955818  -7.4301410346483525  10.756001472473145  1
-4.925119823005295  -7.4301410346483525  11.201138496398926  1
-4.525119823054771  -7.4301410346483525  11.024327278137207  1
3.474880175955699  -7.4301410346483525  9.71170711517334  0
3.8748801759062226  -7.4301410346483525  9.80594253540039  0
4.274880175856746  -7.4301410346483525  9.917110443115234  0
7.874880175411457  -7.4301410346483525  12.429065704345703  0
8.27488017536198  -7.4301410346483525  12.67186450958252  0
15.474880174471403  -7.4301410346483525  18.81011390686035  0
17.874880174174546  -7.4301410346483525  20.689226150512695  0
18.27488017412507  -7.4301410346483525  21.03199577331543  0
-5.725119822906342  -7.030141034697829  11.124837875366211  1
-4.925119823005295  -7.030141034697829  11.3098726272583  1
5.074880175757793  -7.030141034697829  9.747061729431152  0
5.474880175708316  -7.030141034697829  9.916572570800781  0
7.4748801754609335  -7.030141034697829  11.77463150024414  0
7.874880175411457  -7.030141034697829  12.018131256103516  0
8.27488017536198  -7.030141034697829  12.269780158996582  0
8.674880175312504  -7.030141034697829  12.52908992767334  0
11.074880175015645  -7.030141034697829  15.140592575073242  0
13.474880174718786  -7.030141034697829  16.979816436767578  0
18.27488017412507  -7.030141034697829  20.749893188476562  0
20.274880173877687  -7.030141034697829  22.402305603027344  0
20.67488017382821  -7.030141034697829  22.75643539428711  0
5.87488017565884  -6.6301410347473055  9.691621780395508  0
6.274880175609363  -6.6301410347473055  9.901963233947754  0
7.4748801754609335  -6.6301410347473055  10.60875129699707  0
8.27488017536198  -6.6301410347473055  11.878246307373047  0
13.474880174718786  -6.6301410347473055  16.645071029663086  0
19.874880173927163  -6.6301410347473055  21.895090103149414  0
20.274880173877687  -6.6301410347473055  22.177705764770508  0
20.67488017382821  -6.6301410347473055  22.509830474853516  0
21.074880173778734  -6.6301410347473055  22.868457794189453  0
30.274880172640774  -6.6301410347473055  30.39995765686035  1
6.6748801755598866  -6.230141034796782  9.75283432006836  0
7.07488017551041  -6.230141034796782  10.001300811767578  0
7.4748801754609335  -6.230141034796782  10.261038780212402  0
7.874880175411457  -6.230141034796782  10.531196594238281  0
20.274880173877687  -6.230141034796782  21.93721580505371  0
20.67488017382821  -6.230141034796782  22.298295974731445  0
21.074880173778734  -6.230141034796782  22.63545799255371  0
21.474880173729257  -6.230141034796782  22.998254776000977  0
0.6748801763020345  -5.830141034846259  7.110457897186279  0
1.074880176252558  -5.830141034846259  7.0355305671691895  0
7.07488017551041  -5.830141034846259  9.655658721923828  0
7.4748801754609335  -5.830141034846259  9.928221702575684  0
20.274880173877687  -5.830141034846259  21.776994705200195  0
20.67488017382821  -5.830141034846259  22.071792602539062  0
21.074880173778734  -5.830141034846259  22.413053512573242  0
21.474880173729257  -5.830141034846259  22.77889060974121  0
31.07488017254182  -5.830141034846259  30.910369873046875  1
-8.525119822560006  -5.430141034895735  10.506163597106934  0
7.4748801754609335  -5.430141034895735  9.611810684204102  0
20.67488017382821  -5.430141034895735  21.92359161376953  0
21.074880173778734  -5.430141034895735  22.224462509155273  0
21.474880173729257  -5.430141034895735  22.5703182220459  0
21.87488017367978  -5.430141034895735  22.939790725708008  0
31.07488017254182  -5.430141034895735  30.805641174316406  1
-8.92511982251053  -5.030141034945212  10.489591598510742  0
20.67488017382821  -5.030141034945212  21.71652603149414  0
21.074880173778734  -5.030141034945212  22.023151397705078  0
21.474880173729257  -5.030141034945212  22.372844696044922  0
21.87488017367978  -5.030141034945212  22.745019912719727  0
-9.325119822461053  -4.630141034994688  10.519855499267578  0
21.074880173778734  -4.630141034994688  21.895278930664062  0
21.474880173729257  -4.630141034994688  22.207685470581055  0
41.47488017125543  -4.230141035044165  40.54749298095703  1
-2.5251198233021532  -3.8301410350936416  6.2258687019348145  0
-2.1251198233516297  -3.8301410350936416  5.931354999542236  0
-1.7251198234011065  -3.8301410350936416  5.656424522399902  0
-1.325119823450583  -3.8301410350936416  5.404120445251465  0
-0.9251198235000595  -3.8301410350936416  5.177752494812012  0
41.47488017125543  -3.8301410350936416  40.51128005981445  1
-8.92511982251053  -3.430141035143118  10.741207122802734  0
-3.3251198232032  -3.430141035143118  6.431229114532471  0
-2.9251198232526767  -3.430141035143118  6.105648517608643  0
-2.5251198233021532  -3.430141035143118  5.782130241394043  0
-2.1251198233516297  -3.430141035143118  5.475808143615723  0
-1.7251198234011065  -3.430141035143118  5.189521789550781  0
-1.325119823450583  -3.430141035143118  4.926764965057373  0
-0.9251198235000595  -3.430141035143118  4.691493511199951  0
41.074880171304905  -3.430141035143118  40.093780517578125  1
41.47488017125543  -3.430141035143118  40.48222732543945  1
-9.325119822461053  -3.0301410351925946  10.8211030960083  0
-8.92511982251053  -3.0301410351925946  10.448702812194824  0
-8.525119822560006  -3.0301410351925946  10.078554153442383  0
-4.125119823104248  -3.0301410351925946  6.7448225021362305  0
-3.7251198231537237  -3.0301410351925946  6.377180576324463  0
-3.3251198232032  -3.0301410351925946  6.034850597381592  0
-2.9251198232526767  -3.0301410351925946  5.684029579162598  0
-2.5251198233021532  -3.0301410351925946  5.3476080894470215  0
-2.1251198233516297  -3.0301410351925946  5.028006553649902  0
-1.7251198234011065  -3.0301410351925946  4.331469535827637  0
-1.325119823450583  -3.0301410351925946  4.158796787261963  0
41.074880171304905  -3.0301410351925946  40.07130432128906  1
-11.32511982221367  -2.630141035242071  11.340317726135254  1
-10.925119822263147  -2.630141035242071  10.966104507446289  1
-9.725119822411576  -2.630141035242071  10.934467315673828  0
-9.325119822461053  -2.630141035242071  10.554204940795898  0
-8.92511982251053  -2.630141035242071  10.175589561462402  0
-4.125119823104248  -2.630141035242071  6.3721137046813965  0
-3.7251198231537237  -2.630141035242071  6.015220642089844  0
-3.3251198232032  -2.630141035242071  5.639720916748047  0
-2.9251198232526767  -2.630141035242071  5.275647163391113  0
-2.5251198233021532  -2.630141035242071  4.362390041351318  0
-2.1251198233516297  -2.630141035242071  4.104222297668457  0
-1.7251198234011065  -2.630141035242071  3.876499891281128  0
-1.325119823450583  -2.630141035242071  3.684236526489258  0
41.074880171304905  -2.630141035242071  40.05608367919922  1
-10.1251198223621  -2.2301410352915476  11.080272674560547  0
-9.725119822411576  -2.2301410352915476  10.693486213684082  0
-9.325119822461053  -2.2301410352915476  10.307839393615723  0
-8.92511982251053  -2.2301410352915476  9.923466682434082  0
-4.525119823054771  -2.2301410352915476  6.416147232055664  0
-4.125119823104248  -2.2301410352915476  6.047256946563721  0
-3.7251198231537237  -2.2301410352915476  5.650469779968262  0
-3.3251198232032  -2.2301410352915476  4.615334987640381  0
-2.9251198232526767  -2.2301410352915476  4.285716533660889  0
-2.5251198233021532  -2.2301410352915476  3.9760489463806152  0
-2.1251198233516297  -2.2301410352915476  3.691115617752075  0
-1.7251198234011065  -2.2301410352915476  3.4369730949401855  0
41.074880171304905  -2.2301410352915476  40.048133850097656  1
-35.32511981924508  -1.8301410353410241  34.8423957824707  1
-13.325119821966288  -1.8301410353410241  13.101584434509277  0
-10.1251198223621  -1.8301410353410241  10.86524772644043  0
-9.725119822411576  -1.8301410353410241  10.473970413208008  0
-9.325119822461053  -1.8301410353410241  10.083513259887695  0
-4.525119823054771  -1.8301410353410241  6.1301493644714355  0
-4.125119823104248  -1.8301410353410241  5.715965747833252  0
-3.7251198231537237  -1.8301410353410241  5.307807445526123  0
-3.3251198232032  -1.8301410353410241  4.314160346984863  0
-2.9251198232526767  -1.8301410353410241  3.959292411804199  0
-2.5251198233021532  -1.8301410353410241  3.621356725692749  0
-35.725119819195605  -1.4301410353905006  35.15937805175781  1
-34.92511981929456  -1.4301410353905006  34.37791442871094  1
-13.325119821966288  -1.4301410353905006  13.068840026855469  0
-10.525119822312623  -1.4301410353905006  10.709868431091309  0
-10.1251198223621  -1.4301410353905006  10.67240047454834  0
-9.725119822411576  -1.4301410353905006  10.277297973632812  0
-9.325119822461053  -1.4301410353905006  9.882726669311523  0
-7.725119822658959  -1.4301410353905006  8.738110542297363  1
-4.525119823054771  -1.4301410353905006  5.834365367889404  0
-4.125119823104248  -1.4301410353905006  5.410882949829102  0
-3.7251198231537237  -1.4301410353905006  4.445346832275391  0
-3.3251198232032  -1.4301410353905006  4.055941104888916  0
-2.9251198232526767  -1.4301410353905006  3.675859212875366  0
-35.725119819195605  -1.0301410354399771  35.09413528442383  1
-34.525119819344035  -1.0301410354399771  33.891883850097656  1
-13.325119821966288  -1.0301410354399771  13.058151245117188  0
-12.925119822015764  -1.0301410354399771  12.666525840759277  0
-10.525119822312623  -1.0301410354399771  10.61367416381836  0
-10.1251198223621  -1.0301410354399771  10.502952575683594  0
-4.525119823054771  -1.0301410354399771  5.568265914916992  0
-4.125119823104248  -1.0301410354399771  5.135748386383057  0
-3.3251198232032  -1.0301410354399771  3.8486015796661377  0
-42.92511981830503  -0.6301410354894537  42.03608703613281  1
-42.525119818354504  -0.6301410354894537  41.644798278808594  1
-42.12511981840398  -0.6301410354894537  41.25389862060547  1
-41.72511981845346  -0.6301410354894537  40.862998962402344  1
-41.325119818502934  -0.6301410354894537  40.472103118896484  1
-35.32511981924508  -0.6301410354894537  34.64584732055664  1
-34.92511981929456  -0.6301410354894537  34.25463104248047  1
-34.525119819344035  -0.6301410354894537  33.83665084838867  1
-34.12511981939351  -0.6301410354894537  33.445701599121094  1
-33.72511981944299  -0.6301410354894537  33.05475616455078  1
-13.325119821966288  -0.6301410354894537  13.069573402404785  0
-12.925119822015764  -0.6301410354894537  12.676506996154785  0
-10.925119822263147  -0.6301410354894537  10.940117835998535  0
-10.525119822312623  -0.6301410354894537  10.543291091918945  0
-10.1251198223621  -0.6301410354894537  10.358053207397461  0
-4.525119823054771  -0.6301410354894537  5.3351874351501465  0
1.074880176252558  -0.6301410354894537  1.540522575378418  1
-42.92511981830503  -0.23014103553893012  41.99165725708008  1
-42.525119818354504  -0.23014103553893012  41.600685119628906  1
-42.12511981840398  -0.23014103553893012  41.20970916748047  1
-41.72511981845346  -0.23014103553893012  40.8187370300293  1
-41.325119818502934  -0.23014103553893012  40.42776870727539  1
-38.92511981879979  -0.23014103553893012  38.09967803955078  1
-38.52511981884927  -0.23014103553893012  37.71890640258789  1
-38.125119818898746  -0.23014103553893012  37.327667236328125  1
-35.725119819195605  -0.23014103553893012  34.98823165893555  1
-35.32511981924508  -0.23014103553893012  34.59690475463867  1
-34.92511981929456  -0.23014103553893012  34.203975677490234  1
-34.525119819344035  -0.23014103553893012  33.78994369506836  1
-34.12511981939351  -0.23014103553893012  33.39888381958008  1
-33.325119819492464  -0.23014103553893012  32.616764068603516  1
-32.92511981954194  -0.23014103553893012  32.20397186279297  1
-12.925119822015764  -0.23014103553893012  12.709228515625  0
-12.52511982206524  -0.23014103553893012  12.31541633605957  0
-10.925119822263147  -0.23014103553893012  10.897087097167969  0
-10.525119822312623  -0.23014103553893012  10.499189376831055  0
1.074880176252558  -0.23014103553893012  1.2244542837142944  1
-42.92511981830503  0.16985896441159337  41.95450973510742  1
-42.525119818354504  0.16985896441159337  41.56352996826172  1
-42.12511981840398  0.16985896441159337  41.172550201416016  1
-41.72511981845346  0.16985896441159337  40.78157043457031  1
-41.325119818502934  0.16985896441159337  40.39059066772461  1
-40.92511981855241  0.16985896441159337  39.99930191040039  1
-40.52511981860189  0.16985896441159337  39.61688232421875  1
-40.12511981865136  0.16985896441159337  39.2258186340332  1
-35.725119819195605  0.16985896441159337  34.94764709472656  1
-35.32511981924508  0.16985896441159337  34.556312561035156  1
-34.92511981929456  0.16985896441159337  34.16352081298828  1
-34.525119819344035  0.16985896441159337  33.751800537109375  1
-32.92511981954194  0.16985896441159337  32.16809844970703  1
-32.52511981959142  0.16985896441159337  31.740880966186523  1
-32.125119819640894  0.16985896441159337  31.35053253173828  1
-12.925119822015764  0.16985896441159337  12.764513969421387  0
-10.925119822263147  0.16985896441159337  10.87966537475586  0
-10.525119822312623  0.16985896441159337  10.48166275024414  0
1.074880176252558  0.16985896441159337  1.079465389251709  1
-42.92511981830503  0.5698589643621168  41.924278259277344  1
-42.525119818354504  0.5698589643621168  41.533355712890625  1
-42.12511981840398  0.5698589643621168  41.142433166503906  1
-41.72511981845346  0.5698589643621168  40.75151443481445  1
-41.325119818502934  0.5698589643621168  40.360599517822266  1
-40.92511981855241  0.5698589643621168  39.97721481323242  1
-40.52511981860189  0.5698589643621168  39.58621597290039  1
-40.12511981865136  0.5698589643621168  39.19521713256836  1
-36.12511981914613  0.5698589643621168  35.306602478027344  1
-35.725119819195605  0.5698589643621168  34.915348052978516  1
-35.32511981924508  0.5698589643621168  34.52409744262695  1
-34.92511981929456  0.5698589643621168  34.13154602050781  1
-34.525119819344035  0.5698589643621168  33.72224426269531  1
-12.925119822015764  0.5698589643621168  12.842073440551758  0
-10.925119822263147  0.5698589643621168  10.887953758239746  0
-9.725119822411576  0.5698589643621168  9.679730415344238  1
1.074880176252558  0.5698589643621168  1.1709315776824951  1
-46.92511981781026  0.9698589643126403  45.817684173583984  0
-46.52511981785974  0.9698589643126403  45.42676544189453  0
-44.52511981810712  0.9698589643126403  43.46560287475586  0
-44.1251198181566  0.9698589643126403  43.07477569580078  0
-42.92511981830503  0.9698589643126403  41.900970458984375  1
-36.12511981914613  0.9698589643126403  35.28243637084961  1
-35.725119819195605  0.9698589643126403  34.891357421875  1
-35.32511981924508  0.9698589643126403  34.500282287597656  1
-34.92511981929456  0.9698589643126403  34.108070373535156  1
-34.525119819344035  0.9698589643126403  33.70130157470703  1
-10.925119822263147  0.9698589643126403  10.921889305114746  0
-9.725119822411576  0.9698589643126403  9.644072532653809  1
1.074880176252558  0.9698589643126403  1.4549208879470825  1
-35.725119819195605  1.3698589642631638  34.875694274902344  1
-35.32511981924508  1.3698589642631638  34.48488998413086  1
-34.92511981929456  1.3698589642631638  34.093109130859375  1
-34.525119819344035  1.3698589642631638  33.688987731933594  1
-10.925119822263147  1.3698589642631638  10.981240272521973  0
-9.725119822411576  1.3698589642631638  9.63765811920166  1
-8.525119822560006  1.3698589642631638  8.730013847351074  0
-34.92511981929456  1.7698589642136873  34.0866813659668  1
-34.525119819344035  1.7698589642136873  33.68531036376953  1
-10.925119822263147  1.7698589642136873  11.065621376037598  0
-9.725119822411576  1.7698589642136873  9.660545349121094  1
-8.525119822560006  1.7698589642136873  8.728166580200195  0
39.47488017150281  1.7698589642136873  38.818294525146484  1
-10.925119822263147  2.1698589641642108  11.17449951171875  0
-9.725119822411576  2.1698589641642108  10.024527549743652  1
-8.525119822560006  2.1698589641642108  8.756770133972168  0
39.07488017155229  2.1698589641642108  38.501914978027344  1
-10.925119822263147  2.5698589641147342  11.307209014892578  0
-9.725119822411576  2.5698589641147342  10.174052238464355  1
-8.525119822560006  2.5698589641147342  8.815485954284668  0
-10.925119822263147  2.9698589640652577  11.462970733642578  0
-9.725119822411576  2.9698589640652577  10.34870433807373  1
-8.525119822560006  2.9698589640652577  8.903679847717285  0
-11.32511982221367  3.369858964015781  11.99262809753418  0
-9.725119822411576  3.369858964015781  10.547301292419434  1
-9.725119822411576  3.7698589639663047  10.768582344055176  1
-10.925119822263147  4.169858963916829  12.04119873046875  0
-10.525119822312623  4.569858963867352  11.934653282165527  0
-11.32511982221367  5.769858963718923  14.206475257873535  0
38.674880171601764  5.769858963718923  39.11095428466797  1
-10.925119822263147  6.169858963669446  14.225987434387207  0
-10.925119822263147  6.56985896361997  14.590222358703613  0
-10.1251198223621  6.969858963570493  14.353050231933594  0
-11.32511982221367  7.3698589635210165  15.6455717086792  0
-10.925119822263147  7.3698589635210165  15.341629981994629  0
-9.725119822411576  7.3698589635210165  14.4557523727417  0
-9.325119822461053  7.76985896347154  14.585227966308594  0
31.874880172442868  7.76985896347154  33.54065704345703  1
-10.1251198223621  8.169858963422064  15.559222221374512  0
31.874880172442868  8.169858963422064  33.74723815917969  1
32.27488017239339  8.169858963422064  34.178707122802734  1
-9.725119822411576  8.569858963372587  15.705202102661133  0
-9.325119822461053  8.569858963372587  15.438383102416992  0
31.474880172492345  8.569858963372587  33.593482971191406  1
31.874880172442868  8.569858963372587  33.96113586425781  1
-8.92511982251053  8.96985896332311  15.619709968566895  0
31.874880172442868  8.96985896332311  34.25082778930664  1
37.07488017179967  8.96985896332311  38.97960662841797  1
-8.525119822560006  9.369858963273634  15.824296951293945  0
31.874880172442868  9.369858963273634  34.480613708496094  1
-8.525119822560006  9.769858963224157  16.28712272644043  0
-8.125119822609483  9.769858963224157  16.05466651916504  0
-7.725119822658959  9.769858963224157  15.825348854064941  0
31.874880172442868  9.769858963224157  34.717254638671875  1
-7.725119822658959  10.169858963174681  16.30286979675293  0
27.874880172937633  10.169858963174681  31.10732078552246  1
28.274880172888157  10.169858963174681  31.45829200744629  1
25.874880173185016  10.569858963125204  29.269739151000977  1
26.27488017313554  10.569858963125204  29.610483169555664  1
-28.925119820036702  12.169858962927298  31.755857467651367  1
-28.52511982008618  12.169858962927298  31.553340911865234  1
-29.325119819987226  12.569858962877822  32.33967590332031  1
-28.925119820036702  12.569858962877822  32.00716018676758  1
-28.52511982008618  12.569858962877822  31.812116622924805  1
-28.125119820135655  12.569858962877822  31.482303619384766  1
-27.72511982018513  12.569858962877822  31.15389060974121  1
-29.325119819987226  12.969858962828345  32.54094314575195  1
-28.925119820036702  12.969858962828345  32.26553726196289  1
-28.52511982008618  12.969858962828345  31.937463760375977  1
-28.125119820135655  12.969858962828345  31.751205444335938  1
-27.72511982018513  12.969858962828345  31.425962448120117  1
-27.325119820234608  12.969858962828345  31.10222053527832  1
-28.52511982008618  13.369858962778869  32.20587158203125  1
-28.125119820135655  13.369858962778869  31.882402420043945  1
-27.72511982018513  13.369858962778869  31.70490074157715  1
-27.325119820234608  13.369858962778869  31.3843994140625  1
-28.125119820135655  13.769858962729392  32.16075134277344  1
-27.72511982018513  13.769858962729392  31.84204864501953  1
-27.325119820234608  13.769858962729392  31.67327117919922  1
-26.925119820284085  13.769858962729392  31.357667922973633  1
-7.3251198227084355  13.769858962729392  20.323015213012695  0
-28.125119820135655  14.169858962679916  32.38626480102539  1
-27.72511982018513  14.169858962679916  32.1302375793457  1
-27.325119820234608  14.169858962679916  31.81646156311035  1
-26.925119820284085  14.169858962679916  31.656360626220703  1
-26.52511982033356  14.169858962679916  31.345809936523438  1
-27.325119820234608  14.56985896263044  32.1143798828125  1
-26.925119820284085  14.56985896263044  31.80567741394043  1
-26.52511982033356  14.56985896263044  31.654190063476562  1
-26.125119820383038  14.56985896263044  31.34884262084961  1
-26.925119820284085  14.969858962580963  32.113189697265625  1
-7.725119822658959  14.969858962580963  21.956207275390625  0
-26.52511982033356  15.369858962531486  32.126678466796875  1
-7.725119822658959  15.369858962531486  22.448244094848633  0
33.47488017224496  15.369858962531486  39.911399841308594  0
33.87488017219548  15.369858962531486  40.21533203125  0
-7.725119822658959  15.76985896248201  22.957687377929688  0
33.87488017219548  15.76985896248201  40.52683639526367  0
-8.125119822609483  16.16985896243253  23.616531372070312  0
-7.725119822658959  16.16985896243253  23.46849822998047  0
-8.125119822609483  16.569858962383055  24.109285354614258  0
-7.725119822658959  16.569858962383055  23.980594635009766  0
-8.125119822609483  16.96985896233358  24.50681495666504  0
-7.725119822658959  16.96985896233358  24.3707218170166  0
35.07488017204705  16.96985896233358  42.47663879394531  1
35.474880171997576  16.96985896233358  42.806922912597656  1
35.8748801719481  16.96985896233358  43.138221740722656  1
35.474880171997576  17.369858962284102  43.127071380615234  1
32.27488017239339  17.769858962234625  40.86943817138672  0
31.874880172442868  18.569858962135672  41.25461196899414  0
32.27488017239339  18.569858962135672  41.566471099853516  0
31.874880172442868  18.969858962086196  41.61151885986328  0
32.27488017239339  18.969858962086196  41.92106246948242  0
31.474880172492345  19.36985896203672  41.6664924621582  0
31.874880172442868  19.36985896203672  41.972328186035156  0
32.27488017239339  19.36985896203672  42.28575134277344  0
32.67488017234391  19.36985896203672  42.59440994262695  0
33.87488017219548  19.36985896203672  43.5283317565918  1
31.874880172442868  19.769858961987243  42.34312057495117  0
32.27488017239339  19.769858961987243  42.64811706542969  0
32.67488017234391  19.769858961987243  42.954505920410156  0
33.47488017224496  20.169858961937766  43.93070983886719  1
33.87488017219548  20.169858961937766  44.26868438720703  1
33.47488017224496  20.56985896188829  44.323509216308594  1
33.87488017219548  20.56985896188829  44.62974166870117  1
33.47488017224496  20.969858961838813  44.6903076171875  1
33.87488017219548  20.969858961838813  44.99436569213867  1
34.274880172146005  20.969858961838813  45.29976272583008  1
33.47488017224496  21.369858961789337  45.06058120727539  1
33.87488017219548  21.369858961789337  45.36248016357422  1
34.274880172146005  21.369858961789337  45.665733337402344  1
-42.92511981830503  24.169858961443  50.720741271972656  1
-50.9251198173155  24.569858961393525  56.64753341674805  1
-50.525119817364974  24.569858961393525  56.3247184753418  1
-50.12511981741445  24.569858961393525  56.002838134765625  1
-49.72511981746393  24.569858961393525  55.793094635009766  1
-49.325119817513404  24.569858961393525  55.47348403930664  1
-48.92511981756288  24.569858961393525  55.154850006103516  1
-48.52511981761236  24.569858961393525  54.83721160888672  1
-48.12511981766183  24.569858961393525  54.520591735839844  1
-47.72511981771131  24.569858961393525  54.3178825378418  1
-47.325119817760786  24.569858961393525  54.003658294677734  1
-46.92511981781026  24.569858961393525  53.81410598754883  1
-46.52511981785974  24.569858961393525  53.502262115478516  1
-50.525119817364974  24.96985896134405  56.58077621459961  1
-50.12511981741445  24.96985896134405  56.26082992553711  1
-49.72511981746393  24.96985896134405  55.94184875488281  1
-49.325119817513404  24.96985896134405  55.7379035949707  1
-48.92511981756288  24.96985896134405  55.42124557495117  1
-48.52511981761236  24.96985896134405  55.10560607910156  1
-48.12511981766183  24.96985896134405  54.790992736816406  1
-47.72511981771131  24.96985896134405  54.4774284362793  1
-47.325119817760786  24.96985896134405  54.28058624267578  1
-42.12511981840398  24.96985896134405  50.738487243652344  1
-48.92511981756288  25.36985896129457  55.6915397644043  1
-48.52511981761236  25.36985896129457  55.377891540527344  1
-48.12511981766183  25.36985896129457  55.0652961730957  1
-47.72511981771131  25.36985896129457  54.75376510620117  1
-38.125119818898746  31.369858960552424  53.32368087768555  1
-37.72511981894822  31.369858960552424  53.080684661865234  1
-37.3251198189977  31.369858960552424  52.839508056640625  1
-38.52511981884927  31.769858960502948  53.79085159301758  1
-38.125119818898746  31.769858960502948  53.70859146118164  1
-37.72511981894822  31.769858960502948  53.467769622802734  1
-37.3251198189977  31.769858960502948  53.22877883911133  1
-36.925119819047175  31.769858960502948  52.99163818359375  1
-36.52511981909665  31.769858960502948  52.756378173828125  1
-36.12511981914613  31.769858960502948  52.52301788330078  1
-35.725119819195605  31.769858960502948  52.449317932128906  1
-35.32511981924508  31.769858960502948  52.21939468383789  1
-34.92511981929456  31.769858960502948  51.99143600463867  1
-38.92511981879979  32.169858960453475  54.41651153564453  1
-38.52511981884927  32.169858960453475  54.174583435058594  1
-38.125119818898746  32.169858960453475  53.9344596862793  1
-37.72511981894822  32.169858960453475  53.69615936279297  1
-37.3251198189977  32.169858960453475  53.620609283447266  1
-36.925119819047175  32.169858960453475  53.38563919067383  1
-36.52511981909665  32.169858960453475  53.152549743652344  1
-36.12511981914613  32.169858960453475  52.92137145996094  1
-35.725119819195605  32.169858960453475  52.69212341308594  1
-35.32511981924508  32.169858960453475  52.4648323059082  1
-34.92511981929456  32.169858960453475  52.397804260253906  1
