-4.902591099789264  -42.95834523919003  57.63119125366211  0
-4.902591099789264  -42.658345239117544  57.23122024536133  0
31.69740890905412  -38.45834523810273  60.45918655395508  1
28.997408908401738  -32.75834523672548  52.63037109375  0
29.297408908474225  -32.75834523672548  52.793331146240234  0
-39.70259110819772  -32.458345236652995  57.851776123046875  0
-39.402591108125236  -32.458345236652995  57.658321380615234  0
-39.10259110805275  -32.458345236652995  57.4657096862793  0
-38.80259110798026  -32.458345236652995  57.27396011352539  0
-38.502591107907776  -32.458345236652995  57.08307647705078  0
29.897408908619198  -32.458345236652995  52.78806686401367  0
-39.70259110819772  -32.15834523658051  57.55510711669922  0
30.197408908691685  -32.15834523658051  52.622798919677734  0
-39.70259110819772  -31.858345236508022  57.25971221923828  0
29.59740890854671  -31.858345236508022  51.953521728515625  0
29.897408908619198  -31.858345236508022  52.121795654296875  0
30.79740890883666  -31.858345236508022  52.633216857910156  0
31.097408908909145  -31.858345236508022  52.80585479736328  0
31.39740890898163  -31.858345236508022  52.97956085205078  0
29.59740890854671  -31.558345236435535  51.620792388916016  0
29.897408908619198  -31.558345236435535  51.79010772705078  0
30.197408908691685  -31.558345236435535  51.960533142089844  0
30.49740890876417  -31.558345236435535  52.13205337524414  0
31.39740890898163  -31.558345236435535  52.65309524536133  0
31.69740890905412  -31.558345236435535  52.82889938354492  0
31.997408909126605  -31.558345236435535  53.00574493408203  0
32.29740890919909  -31.558345236435535  53.183624267578125  0
32.59740890927158  -31.558345236435535  53.36252975463867  0
29.897408908619198  -31.25834523636305  51.459415435791016  0
30.49740890876417  -31.25834523636305  51.803470611572266  0
30.79740890883666  -31.25834523636305  51.97713088989258  0
31.097408908909145  -31.25834523636305  52.15187072753906  0
31.39740890898163  -31.25834523636305  52.32767105102539  0
31.69740890905412  -31.25834523636305  52.5045280456543  0
31.997408909126605  -31.25834523636305  52.68242645263672  0
32.29740890919909  -31.25834523636305  52.861358642578125  0
32.59740890927158  -31.25834523636305  53.04131317138672  0
32.897408909344065  -31.25834523636305  53.22228240966797  0
-39.402591108125236  -30.958345236290562  56.12190246582031  0
30.197408908691685  -30.958345236290562  51.30228042602539  0
30.49740890876417  -30.958345236290562  51.47591781616211  0
31.997408909126605  -30.958345236290562  52.36018753051758  0
32.29740890919909  -30.958345236290562  52.54018020629883  0
32.59740890927158  -30.958345236290562  52.721195220947266  0
32.897408909344065  -30.958345236290562  52.903221130371094  0
-40.60259110841518  -30.658345236218075  56.6278076171875  0
32.59740890927158  -30.658345236218075  52.40219497680664  0
32.897408909344065  -30.658345236218075  52.585289001464844  0
33.19740890941655  -30.658345236218075  52.769378662109375  0
32.897408909344065  -30.35834523614559  52.26850128173828  0
33.19740890941655  -30.35834523614559  52.453670501708984  0
32.897408909344065  -30.0583452360731  51.95288848876953  0
33.19740890941655  -30.0583452360731  52.139137268066406  0
34.09740890963401  -30.0583452360731  52.703758239746094  0
34.3974089097065  -30.0583452360731  52.89388656616211  0
-9.102591100804078  -29.458345235928128  40.27416229248047  1
33.19740890941655  -29.458345235928128  51.513694763183594  0
-9.102591100804078  -27.958345235565695  38.24494171142578  1
-8.802591100731592  -27.958345235565695  38.185089111328125  1
-6.7025911002241845  -27.058345235348234  36.64247512817383  0
-6.402591100151698  -27.058345235348234  36.59861755371094  0
-6.7025911002241845  -26.758345235275748  36.24777603149414  0
-6.402591100151698  -26.758345235275748  36.20335388183594  0
-7.002591100296671  -26.45834523520326  35.900569915771484  0
-6.7025911002241845  -26.45834523520326  35.85322570800781  0
-6.402591100151698  -26.45834523520326  35.77670669555664  0
-7.002591100296671  -26.158345235130774  35.460601806640625  0
-6.7025911002241845  -26.158345235130774  35.41425704956055  0
-6.402591100151698  -26.158345235130774  35.37029266357422  0
-6.102591100079211  -26.158345235130774  35.32872009277344  0
32.897408909344065  -26.158345235130774  47.94295120239258  0
-7.002591100296671  -25.858345235058287  35.067081451416016  0
-6.7025911002241845  -25.858345235058287  35.02010726928711  0
-6.402591100151698  -25.858345235058287  34.97553634643555  0
-6.102591100079211  -25.858345235058287  34.933387756347656  0
32.897408909344065  -25.858345235058287  47.6475944519043  0
33.19740890941655  -25.858345235058287  47.849822998046875  0
-6.7025911002241845  -25.5583452349858  34.62611770629883  0
-6.402591100151698  -25.5583452349858  34.5809326171875  0
32.897408909344065  -25.5583452349858  47.344627380371094  0
33.19740890941655  -25.5583452349858  47.555908203125  0
32.59740890927158  -25.258345234913314  46.8474235534668  0
32.897408909344065  -25.258345234913314  47.05110549926758  0
33.19740890941655  -25.258345234913314  47.2557373046875  0
33.49740890948904  -25.258345234913314  47.461299896240234  0
32.29740890919909  -24.958345234840827  46.35029983520508  0
32.59740890927158  -24.958345234840827  46.55426788330078  0
32.897408909344065  -24.958345234840827  46.75918960571289  0
33.19740890941655  -24.958345234840827  46.96505355834961  0
31.997408909126605  -24.65834523476834  45.8532600402832  0
32.29740890919909  -24.65834523476834  46.057518005371094  0
32.59740890927158  -24.65834523476834  46.26273727416992  0
32.897408909344065  -24.65834523476834  46.46890640258789  0
31.997408909126605  -24.358345234695854  45.56085968017578  0
32.29740890919909  -24.358345234695854  45.76638412475586  0
31.69740890905412  -24.058345234623367  45.06429672241211  0
-37.9025911077628  -23.158345234405907  47.99314880371094  1
-37.602591107690316  -22.85834523433342  47.51331329345703  1
-37.30259110761783  -22.85834523433342  47.296756744384766  1
-37.00259110754534  -22.558345234260933  46.81795120239258  1
-36.702591107472855  -22.558345234260933  46.5939826965332  1
-36.40259110740037  -22.258345234188447  46.11499786376953  1
-36.10259110732788  -22.258345234188447  45.891319274902344  1
-35.802591107255395  -22.258345234188447  45.66843032836914  1
-38.502591107907776  -21.658345234043473  47.21424865722656  1
-38.80259110798026  -21.358345233970986  47.206886291503906  1
-38.502591107907776  -21.358345233970986  46.97360610961914  1
-38.20259110783529  -21.358345233970986  46.741004943847656  1
-37.9025911077628  -21.358345233970986  46.50909423828125  1
-37.00259110754534  -21.358345233970986  45.8176155090332  1
-36.702591107472855  -21.358345233970986  45.58857345581055  1
-40.90259110848767  -21.0583452338985  48.622982025146484  1
-40.60259110841518  -21.0583452338985  48.38405990600586  1
-38.80259110798026  -21.0583452338985  46.96967697143555  1
-38.502591107907776  -21.0583452338985  46.73517608642578  1
-38.20259110783529  -21.0583452338985  46.501338958740234  1
-37.9025911077628  -21.0583452338985  46.268192291259766  1
-37.602591107690316  -21.0583452338985  46.03573226928711  1
-37.30259110761783  -21.0583452338985  45.803977966308594  1
-40.90259110848767  -20.758345233826013  48.39639663696289  1
-40.60259110841518  -20.758345233826013  48.15631103515625  1
-40.302591108342696  -20.758345233826013  47.91682052612305  1
-40.00259110827021  -20.758345233826013  47.67671585083008  1
-38.80259110798026  -20.758345233826013  46.734710693359375  1
-38.20259110783529  -20.758345233826013  46.263919830322266  1
-37.9025911077628  -20.758345233826013  46.02952575683594  1
-41.202591108560156  -20.458345233753526  48.413917541503906  1
-40.90259110848767  -20.458345233753526  48.172088623046875  1
-40.60259110841518  -20.458345233753526  47.930843353271484  1
-40.302591108342696  -20.458345233753526  47.688968658447266  1
-40.00259110827021  -20.458345233753526  47.456172943115234  1
-39.70259110819772  -20.458345233753526  47.21670150756836  1
-39.402591108125236  -20.458345233753526  46.977848052978516  1
-25.902591104863333  -20.458345233753526  36.84580612182617  1
-25.602591104790847  -20.458345233753526  36.64988327026367  1
-25.30259110471836  -20.458345233753526  36.45527648925781  1
-25.002591104645873  -20.458345233753526  36.26200485229492  1
-24.702591104573386  -20.458345233753526  36.070091247558594  1
-40.302591108342696  -20.15834523368104  47.47185134887695  1
-40.00259110827021  -20.15834523368104  47.23059844970703  1
-27.702591105298254  -20.15834523368104  37.76754379272461  1
-27.402591105225767  -20.15834523368104  37.562557220458984  1
-27.10259110515328  -20.15834523368104  37.358760833740234  1
-26.802591105080793  -20.15834523368104  37.15616226196289  1
-26.502591105008307  -20.15834523368104  36.954795837402344  1
-26.20259110493582  -20.15834523368104  36.754669189453125  1
-25.902591104863333  -20.15834523368104  36.55581283569336  1
-25.602591104790847  -20.15834523368104  36.35824203491211  1
-25.30259110471836  -20.15834523368104  36.16197967529297  1
-25.002591104645873  -20.15834523368104  35.96704864501953  1
-24.702591104573386  -20.15834523368104  35.695068359375  1
-28.302591105443227  -19.858345233608553  37.9061279296875  1
-28.00259110537074  -19.858345233608553  37.697235107421875  1
-27.702591105298254  -19.858345233608553  37.489479064941406  1
-27.402591105225767  -19.858345233608553  37.28287887573242  1
-27.10259110515328  -19.858345233608553  37.077457427978516  1
-26.802591105080793  -19.858345233608553  36.873233795166016  1
-26.502591105008307  -19.858345233608553  36.67022705078125  1
-26.20259110493582  -19.858345233608553  36.46845626831055  1
-25.902591104863333  -19.858345233608553  36.267940521240234  1
-25.602591104790847  -19.858345233608553  36.06871032714844  1
-25.30259110471836  -19.858345233608553  35.87077331542969  1
-25.002591104645873  -19.858345233608553  35.5959587097168  1
-24.702591104573386  -19.858345233608553  35.37363815307617  1
-30.70259110602312  -19.558345233536066  39.50660705566406  0
-28.602591105515714  -19.558345233536066  37.84514236450195  1
-28.302591105443227  -19.558345233536066  37.63352966308594  1
-28.00259110537074  -19.558345233536066  37.423030853271484  1
-27.702591105298254  -19.558345233536066  37.213661193847656  1
-27.402591105225767  -19.558345233536066  37.005435943603516  1
-27.10259110515328  -19.558345233536066  36.79838180541992  1
-26.802591105080793  -19.558345233536066  36.5925178527832  1
-26.502591105008307  -19.558345233536066  36.387855529785156  1
-26.20259110493582  -19.558345233536066  36.184425354003906  1
-25.902591104863333  -19.558345233536066  35.982242584228516  1
-25.602591104790847  -19.558345233536066  35.702964782714844  1
-25.30259110471836  -19.558345233536066  35.476219177246094  1
-25.002591104645873  -19.558345233536066  35.27846145629883  1
-24.702591104573386  -19.558345233536066  35.082054138183594  1
-30.402591105950634  -19.25834523346358  39.02644348144531  0
-28.302591105443227  -19.25834523346358  37.36325454711914  1
-28.00259110537074  -19.25834523346358  37.15113830566406  1
-27.702591105298254  -19.25834523346358  36.94014358520508  1
-27.402591105225767  -19.25834523346358  36.73028564453125  1
-27.10259110515328  -19.25834523346358  36.521583557128906  1
-26.802591105080793  -19.25834523346358  36.31406021118164  1
-26.502591105008307  -19.25834523346358  36.10773849487305  1
-26.20259110493582  -19.25834523346358  35.90263366699219  1
-25.902591104863333  -19.25834523346358  35.620704650878906  1
-25.602591104790847  -19.25834523346358  35.39107131958008  1
-25.30259110471836  -19.25834523346358  35.19027328491211  1
-25.002591104645873  -19.25834523346358  34.99079132080078  1
-24.702591104573386  -19.25834523346358  34.79264831542969  1
-24.4025911045009  -19.25834523346358  34.59586715698242  1
-24.102591104428413  -19.25834523346358  34.400474548339844  1
-23.802591104355926  -19.25834523346358  34.20648956298828  1
-23.50259110428344  -19.25834523346358  34.013938903808594  1
-30.102591105878147  -18.958345233391093  38.4000244140625  0
-28.00259110537074  -18.958345233391093  36.88160705566406  1
-27.702591105298254  -18.958345233391093  36.668975830078125  1
-26.802591105080793  -18.958345233391093  36.03792190551758  1
-26.502591105008307  -18.958345233391093  35.82992172241211  1
-26.20259110493582  -18.958345233391093  35.51801681518555  1
-25.902591104863333  -18.958345233391093  35.31293869018555  1
-25.602591104790847  -18.958345233391093  35.109127044677734  1
-25.30259110471836  -18.958345233391093  34.90659713745117  1
-25.002591104645873  -18.958345233391093  34.70537567138672  1
-24.702591104573386  -18.958345233391093  34.5054817199707  1
-24.4025911045009  -18.958345233391093  34.306941986083984  1
-24.102591104428413  -18.958345233391093  34.10978317260742  1
-23.802591104355926  -18.958345233391093  33.914024353027344  1
-26.502591105008307  -18.658345233318606  35.44990539550781  1
-26.20259110493582  -18.658345233318606  35.24187088012695  1
-25.902591104863333  -18.658345233318606  35.03506851196289  1
-25.602591104790847  -18.658345233318606  34.82952117919922  1
-25.30259110471836  -18.658345233318606  34.625244140625  1
-25.002591104645873  -18.658345233318606  34.422264099121094  1
-24.702591104573386  -18.658345233318606  34.22060775756836  1
-24.4025911045009  -18.658345233318606  34.02029800415039  1
-24.102591104428413  -18.658345233318606  33.82135009765625  1
-25.602591104790847  -18.35834523324612  34.55230712890625  1
-25.30259110471836  -18.35834523324612  34.34627151489258  1
-25.002591104645873  -18.35834523324612  34.14152526855469  1
-24.702591104573386  -18.35834523324612  33.938087463378906  1
-24.4025911045009  -18.35834523324612  33.735984802246094  1
-25.30259110471836  -18.058345233173632  34.06974411010742  1
-25.002591104645873  -18.058345233173632  33.86320877075195  1
-23.50259110428344  -18.058345233173632  32.85052490234375  0
-23.202591104210953  -18.058345233173632  32.626808166503906  0
-22.902591104138466  -18.058345233173632  32.36991882324219  0
-22.60259110406598  -18.058345233173632  32.174949645996094  0
-22.302591103993493  -18.058345233173632  31.98149299621582  0
-23.202591104210953  -17.758345233101146  32.28036880493164  0
-22.902591104138466  -17.758345233101146  32.0820198059082  0
-22.60259110406598  -17.758345233101146  31.885150909423828  0
-22.302591103993493  -17.758345233101146  31.689786911010742  0
-28.602591105515714  -17.45834523302866  36.016265869140625  1
-28.302591105443227  -17.45834523302866  35.717437744140625  1
-28.00259110537074  -17.45834523302866  35.469146728515625  1
-27.702591105298254  -17.45834523302866  35.24854278564453  1
-27.402591105225767  -17.45834523302866  35.029014587402344  1
-22.902591104138466  -17.45834523302866  31.796579360961914  0
-22.60259110406598  -17.45834523302866  31.597789764404297  0
-22.302591103993493  -17.45834523302866  31.400497436523438  0
-28.302591105443227  -17.158345232956172  35.43947982788086  1
-28.00259110537074  -17.158345232956172  35.21612548828125  1
-27.702591105298254  -17.158345232956172  34.99382019042969  1
-27.402591105225767  -17.158345232956172  34.7725715637207  1
-22.60259110406598  -17.158345232956172  31.312929153442383  0
-22.302591103993493  -17.158345232956172  31.11368751525879  0
-22.002591103921006  -17.158345232956172  30.915958404541016  0
-21.402591103776032  -17.158345232956172  30.525156021118164  0
-21.102591103703546  -17.158345232956172  30.332141876220703  0
-20.80259110363106  -17.158345232956172  30.14076042175293  0
-28.00259110537074  -16.858345232883686  34.96588134765625  1
-27.702591105298254  -16.858345232883686  34.741859436035156  1
-22.60259110406598  -16.858345232883686  31.0306396484375  0
-22.302591103993493  -16.858345232883686  30.829429626464844  0
-22.002591103921006  -16.858345232883686  30.629718780517578  0
-21.70259110384852  -16.858345232883686  30.431541442871094  0
-21.402591103776032  -16.858345232883686  30.23492431640625  0
-21.102591103703546  -16.858345232883686  30.039897918701172  0
-27.402591105225767  -16.5583452328112  34.26802444458008  0
-27.10259110515328  -16.5583452328112  34.044376373291016  0
-22.60259110406598  -16.5583452328112  30.750988006591797  0
-22.302591103993493  -16.5583452328112  30.547792434692383  0
-22.002591103921006  -16.5583452328112  30.34608268737793  0
-21.70259110384852  -16.5583452328112  30.145893096923828  0
-21.402591103776032  -16.5583452328112  29.94725227355957  0
-27.402591105225767  -16.258345232738712  34.020042419433594  0
-27.10259110515328  -16.258345232738712  33.794639587402344  0
-26.802591105080793  -16.258345232738712  33.57029724121094  0
-26.502591105008307  -16.258345232738712  33.34703826904297  0
-26.20259110493582  -16.258345232738712  33.1248779296875  0
-22.902591104138466  -16.258345232738712  30.680700302124023  0
-22.60259110406598  -16.258345232738712  30.474050521850586  0
-22.302591103993493  -16.258345232738712  30.268848419189453  0
-22.002591103921006  -16.258345232738712  30.065122604370117  0
-21.70259110384852  -16.258345232738712  29.862899780273438  0
-27.10259110515328  -15.958345232666227  33.54784393310547  0
-26.802591105080793  -15.958345232666227  33.32172393798828  0
-26.502591105008307  -15.958345232666227  33.09667205810547  0
-26.20259110493582  -15.958345232666227  32.87270736694336  0
-25.902591104863333  -15.958345232666227  32.62549591064453  0
-25.602591104790847  -15.958345232666227  32.34624099731445  0
-22.60259110406598  -15.958345232666227  30.199901580810547  0
-22.302591103993493  -15.958345232666227  29.99267578125  0
-22.002591103921006  -15.958345232666227  29.732030868530273  0
-27.10259110515328  -15.65834523259374  33.30405044555664  0
-26.802591105080793  -15.65834523259374  33.076148986816406  0
-26.502591105008307  -15.65834523259374  32.82511901855469  0
-26.20259110493582  -15.65834523259374  32.5422477722168  0
-25.902591104863333  -15.65834523259374  32.317806243896484  0
-25.602591104790847  -15.65834523259374  32.094486236572266  0
-25.30259110471836  -15.65834523259374  31.872316360473633  0
-25.002591104645873  -15.65834523259374  31.651317596435547  0
-27.402591105225767  -15.358345232521254  33.29402160644531  0
-27.10259110515328  -15.358345232521254  33.063323974609375  0
-26.802591105080793  -15.358345232521254  32.80973434448242  0
-26.502591105008307  -15.358345232521254  32.524658203125  0
-26.20259110493582  -15.358345232521254  32.297279357910156  0
-25.902591104863333  -15.358345232521254  32.07098388671875  0
-25.602591104790847  -15.358345232521254  31.845794677734375  0
-25.30259110471836  -15.358345232521254  31.621736526489258  0
-25.002591104645873  -15.358345232521254  31.398832321166992  0
-24.702591104573386  -15.358345232521254  31.177108764648438  0
-22.902591104138466  -15.358345232521254  29.87299919128418  0
-27.402591105225767  -15.058345232448767  33.05820846557617  0
-27.10259110515328  -15.058345232448767  32.802127838134766  0
-26.802591105080793  -15.058345232448767  32.51493453979492  0
-26.502591105008307  -15.058345232448767  32.284671783447266  0
-26.20259110493582  -15.058345232448767  32.05545425415039  0
-25.902591104863333  -15.058345232448767  31.827299118041992  0
-25.602591104790847  -15.058345232448767  31.60023307800293  0
-25.30259110471836  -15.058345232448767  31.37428092956543  0
-25.002591104645873  -15.058345232448767  31.149465560913086  0
-24.702591104573386  -15.058345232448767  30.925809860229492  0
-24.4025911045009  -15.058345232448767  30.70334243774414  0
-24.102591104428413  -15.058345232448767  30.482086181640625  0
-23.802591104355926  -15.058345232448767  30.26207160949707  0
-23.50259110428344  -15.058345232448767  30.043323516845703  0
-27.702591105298254  -14.75834523237628  33.06080627441406  0
-27.402591105225767  -14.75834523237628  32.802303314208984  0
-27.10259110515328  -14.75834523237628  32.51309585571289  0
-26.802591105080793  -14.75834523237628  32.28000259399414  0
-26.502591105008307  -14.75834523237628  32.04791259765625  0
-26.20259110493582  -14.75834523237628  31.816848754882812  0
-25.902591104863333  -14.75834523237628  31.586830139160156  0
-25.602591104790847  -14.75834523237628  31.357881546020508  0
-25.30259110471836  -14.75834523237628  31.130027770996094  0
-25.002591104645873  -14.75834523237628  30.903291702270508  0
-24.702591104573386  -14.75834523237628  30.677698135375977  0
-24.4025911045009  -14.75834523237628  30.453271865844727  0
-24.102591104428413  -14.75834523237628  30.230039596557617  0
-27.702591105298254  -14.458345232303794  32.81026077270508  0
-27.402591105225767  -14.458345232303794  32.51913070678711  0
-27.10259110515328  -14.458345232303794  32.283267974853516  0
-26.802591105080793  -14.458345232303794  32.04836654663086  0
-26.502591105008307  -14.458345232303794  31.8144474029541  0
-26.20259110493582  -14.458345232303794  31.58153533935547  0
-25.902591104863333  -14.458345232303794  31.349647521972656  0
-25.602591104790847  -14.458345232303794  31.118812561035156  0
-25.30259110471836  -14.458345232303794  30.889053344726562  0
-27.402591105225767  -14.158345232231307  32.29446792602539  0
-27.10259110515328  -14.158345232231307  32.05681228637695  0
-26.802591105080793  -14.158345232231307  31.820098876953125  0
-26.502591105008307  -14.158345232231307  31.5843505859375  0
-27.402591105225767  -13.85834523215882  32.073246002197266  0
13.697408904704913  -13.258345232013847  22.445960998535156  0
13.9974089047774  -13.258345232013847  22.626699447631836  0
13.397408904632426  -12.95834523194136  21.944482803344727  0
13.697408904704913  -12.95834523194136  22.125322341918945  0
13.397408904632426  -12.658345231868873  21.62395477294922  0
8.297408903400152  -9.958345231216493  15.16772747039795  1
8.297408903400152  -9.658345231144006  14.53847885131836  1
10.697408903980046  -9.658345231144006  16.12973403930664  1
7.997408903327665  -9.35834523107152  13.976357460021973  1
8.297408903400152  -9.35834523107152  14.117812156677246  1
8.597408903472639  -9.35834523107152  14.26409912109375  1
8.897408903545125  -9.35834523107152  14.511459350585938  1
9.497408903690099  -9.35834523107152  15.131769180297852  1
9.797408903762586  -9.35834523107152  15.30023193359375  1
10.097408903835072  -9.35834523107152  15.472491264343262  1
10.397408903907559  -9.35834523107152  15.648421287536621  1
10.697408903980046  -9.35834523107152  15.827900886535645  1
10.997408904052532  -9.35834523107152  16.010807037353516  1
7.997408903327665  -9.058345230999032  13.64964771270752  1
8.297408903400152  -9.058345230999032  13.795440673828125  1
8.597408903472639  -9.058345230999032  13.946087837219238  1
8.897408903545125  -9.058345230999032  14.101432800292969  1
9.197408903617612  -9.058345230999032  14.261322021484375  1
9.497408903690099  -9.058345230999032  14.523150444030762  1
9.797408903762586  -9.058345230999032  14.692960739135742  1
10.097408903835072  -9.058345230999032  15.167150497436523  1
10.397408903907559  -9.058345230999032  15.34707260131836  1
7.997408903327665  -8.758345230926546  13.32681941986084  1
8.297408903400152  -8.758345230926546  13.477116584777832  1
8.597408903472639  -8.758345230926546  13.632282257080078  1
8.897408903545125  -8.758345230926546  13.79215145111084  1
9.197408903617612  -8.758345230926546  13.956561088562012  1
9.497408903690099  -8.758345230926546  14.125353813171387  1
9.797408903762586  -8.758345230926546  14.395236015319824  1
10.097408903835072  -8.758345230926546  14.573458671569824  1
7.997408903327665  -8.458345230854059  13.008161544799805  1
8.297408903400152  -8.458345230854059  13.163134574890137  1
8.597408903472639  -8.458345230854059  13.322980880737305  1
8.897408903545125  -8.458345230854059  13.487526893615723  1
9.197408903617612  -8.458345230854059  13.65660285949707  1
9.497408903690099  -8.458345230854059  13.830042839050293  1
9.797408903762586  -8.458345230854059  14.007683753967285  1
8.297408903400152  -8.158345230781572  12.853811264038086  1
8.597408903472639  -8.158345230781572  13.018503189086914  1
8.897408903545125  -8.158345230781572  13.187882423400879  1
9.197408903617612  -8.158345230781572  13.361770629882812  1
9.497408903690099  -8.158345230781572  13.539994239807129  1
1.3974089017329572  -3.058345229549298  3.802124500274658  0
1.697408901805444  -3.058345229549298  3.857253313064575  0
-34.60259110696545  -2.758345229476811  33.99150848388672  0
1.3974089017329572  -2.758345229476811  3.453847885131836  0
1.697408901805444  -2.758345229476811  3.523289918899536  0
1.9974089018779306  -2.758345229476811  3.620046854019165  0
2.2974089019504174  -2.758345229476811  3.741994619369507  0
-34.902591107037935  -2.4583452294043244  34.25543975830078  0
-34.60259110696545  -2.4583452294043244  33.96290969848633  0
1.697408901805444  -2.4583452294043244  3.1995208263397217  0
1.9974089018779306  -2.4583452294043244  3.3151655197143555  0
2.2974089019504174  -2.4583452294043244  3.456918478012085  0
2.597408902022904  -2.4583452294043244  3.6217076778411865  0
2.897408902095391  -2.4583452294043244  3.806535005569458  0
-34.60259110696545  -2.1583452293318377  33.939029693603516  0
1.9974089018779306  -2.1583452293318377  3.0272185802459717  0
2.2974089019504174  -2.1583452293318377  3.191575050354004  0
2.597408902022904  -2.1583452293318377  3.378566265106201  0
2.897408902095391  -2.1583452293318377  3.5846452713012695  0
3.1974089021678775  -2.1583452293318377  3.806708812713623  0
6.4974089029652315  -2.1583452293318377  6.7183918952941895  0
2.2974089019504174  -1.858345229259351  2.9512815475463867  0
2.597408902022904  -1.858345229259351  3.162379264831543  0
2.897408902095391  -1.858345229259351  3.390810251235962  0
3.1974089021678775  -1.858345229259351  3.6333038806915283  0
3.4974089022403643  -1.858345229259351  3.88722825050354  0
6.4974089029652315  -1.858345229259351  6.648271560668945  0
2.597408902022904  -1.5583452291868642  2.9790093898773193  0
2.897408902095391  -1.5583452291868642  3.2300760746002197  0
3.1974089021678775  -1.5583452291868642  3.4926533699035645  0
3.4974089022403643  -1.5583452291868642  3.764333486557007  0
6.4974089029652315  -1.5583452291868642  6.600266456604004  0
0.7974089015879837  -1.2583452291143775  1.595441222190857  1
2.897408902095391  -1.2583452291143775  3.107579469680786  0
3.1974089021678775  -1.2583452291143775  3.388838291168213  0
3.4974089022403643  -1.2583452291143775  3.676649332046509  0
3.797408902312851  -1.2583452291143775  3.9695887565612793  0
6.4974089029652315  -1.2583452291143775  6.574864387512207  0
1.0974089016604704  -0.9583452290418908  1.454968810081482  1
2.897408902095391  -0.9583452290418908  3.0279695987701416  0
3.1974089021678775  -0.9583452290418908  3.3253180980682373  0
3.4974089022403643  -0.9583452290418908  3.6267402172088623  0
3.797408902312851  -0.9583452290418908  3.931299924850464  0
6.4974089029652315  -0.9583452290418908  6.572330951690674  0
-26.20259110493582  -0.6583452289694041  25.663373947143555  0
3.4974089022403643  -0.6583452289694041  3.616185426712036  0
6.4974089029652315  -0.6583452289694041  6.592696666717529  0
-26.502591105008307  -0.35834522889691733  25.95839500427246  0
6.4974089029652315  -0.35834522889691733  6.635756015777588  0
6.4974089029652315  -0.0583452288244306  6.701075553894043  0
-6.402591100151698  0.24165477124805612  6.583477973937988  1
-6.7025911002241845  0.5416547713205428  6.837866306304932  1
6.197408902892745  0.5416547713205428  6.5865478515625  1
-6.7025911002241845  0.8416547713930296  6.803552627563477  1
6.197408902892745  0.8416547713930296  6.716230869293213  1
-6.7025911002241845  1.1416547714655163  6.791296005249023  1
5.897408902820258  1.1416547714655163  6.56176233291626  1
-7.602591100441645  1.441654771538003  7.704192161560059  1
-7.302591100369158  1.441654771538003  7.402397155761719  1
-7.002591100296671  1.441654771538003  7.101369380950928  1
-6.7025911002241845  1.441654771538003  6.801211357116699  1
-6.402591100151698  1.441654771538003  6.5020432472229  1
5.897408902820258  1.441654771538003  6.733080863952637  1
-28.302591105443227  1.7416547716104898  27.92471694946289  1
-7.602591100441645  1.7416547716104898  7.722551345825195  1
-7.302591100369158  1.7416547716104898  7.424935817718506  1
-6.7025911002241845  1.7416547716104898  6.833198547363281  1
-6.402591100151698  1.7416547716104898  6.539392948150635  1
5.897408902820258  1.7416547716104898  6.9219794273376465  1
-61.90259111356174  2.0416547716829765  60.69357681274414  0
-28.9025911055882  2.0416547716829765  28.560623168945312  1
-7.602591100441645  2.0416547716829765  7.7603068351745605  1
-7.302591100369158  2.0416547716829765  7.467609882354736  1
-6.7025911002241845  2.0416547716829765  6.886947154998779  1
1.3974089017329572  2.0416547716829765  3.2688181400299072  1
-61.90259111356174  2.341654771755463  60.718055725097656  0
-61.602591113489254  2.341654771755463  60.42479705810547  0
-7.602591100441645  2.341654771755463  7.817174911499023  1
-7.302591100369158  2.341654771755463  7.530073642730713  1
-6.7025911002241845  2.341654771755463  6.961950302124023  1
1.0974089016604704  2.341654771755463  3.423877000808716  1
1.3974089017329572  2.341654771755463  3.613483190536499  1
-61.90259111356174  2.64165477182795  60.74517822265625  0
-61.602591113489254  2.64165477182795  60.452022552490234  0
-7.602591100441645  2.64165477182795  7.892740249633789  1
-7.302591100369158  2.64165477182795  7.611838340759277  1
-7.002591100296671  2.64165477182795  7.333340167999268  1
0.49740890151549705  2.64165477182795  3.4851980209350586  1
0.7974089015879837  2.64165477182795  3.6236226558685303  1
1.0974089016604704  2.64165477182795  3.784304141998291  1
1.3974089017329572  2.64165477182795  3.964533805847168  1
-61.602591113489254  2.9416547719004367  60.481903076171875  0
-7.602591100441645  2.9416547719004367  7.986472129821777  1
-7.302591100369158  2.9416547719004367  7.712289810180664  1
-7.002591100296671  2.9416547719004367  7.440977573394775  1
-0.40259109870196313  2.9416547719004367  3.606631278991699  1
-0.10259109862947642  2.9416547719004367  3.665360689163208  1
0.1974089014430103  2.9416547719004367  3.7507879734039307  1
0.49740890151549705  2.9416547719004367  3.8611323833465576  1
0.7974089015879837  2.9416547719004367  3.994321823120117  1
1.0974089016604704  2.9416547719004367  4.148151397705078  1
1.3974089017329572  2.9416547719004367  4.320414066314697  1
-61.602591113489254  3.2416547719729234  60.514427185058594  0
-61.30259111341677  3.2416547719729234  60.22153091430664  0
-61.00259111334428  3.2416547719729234  59.92863845825195  0
-7.602591100441645  3.2416547719729234  8.097738265991211  1
-7.302591100369158  3.2416547719729234  7.830708026885986  1
-7.002591100296671  3.2416547719729234  7.56701135635376  1
-0.40259109870196313  3.2416547719729234  3.9838502407073975  1
-0.10259109862947642  3.2416547719729234  4.044794082641602  1
0.1974089014430103  3.2416547719729234  4.1299052238464355  1
0.49740890151549705  3.2416547719729234  4.237719535827637  1
0.7974089015879837  3.2416547719729234  4.366549968719482  1
1.0974089016604704  3.2416547719729234  4.51459264755249  1
-61.602591113489254  3.54165477204541  60.549598693847656  0
-61.30259111341677  3.54165477204541  60.2568473815918  0
-61.00259111334428  3.54165477204541  59.96410369873047  0
-60.702591113271794  3.54165477204541  59.67136764526367  0
-7.302591100369158  3.54165477204541  7.966292381286621  1
-7.002591100296671  3.54165477204541  7.710540771484375  1
-6.7025911002241845  3.54165477204541  7.458962440490723  1
-0.7025910987744499  3.54165477204541  4.321751117706299  1
-0.40259109870196313  3.54165477204541  4.361481666564941  1
-0.10259109862947642  3.54165477204541  4.424255847930908  1
0.1974089014430103  3.54165477204541  4.509102821350098  1
0.49740890151549705  3.54165477204541  4.614799976348877  1
0.7974089015879837  3.54165477204541  4.7399468421936035  1
-61.602591113489254  3.841654772117897  60.587406158447266  0
-61.30259111341677  3.841654772117897  60.2948112487793  0
-61.00259111334428  3.841654772117897  60.002227783203125  0
-60.702591113271794  3.841654772117897  59.709651947021484  0
-60.40259111319931  3.841654772117897  59.43389129638672  0
-7.302591100369158  3.841654772117897  8.118184089660645  1
-7.002591100296671  3.841654772117897  7.870609283447266  1
-6.7025911002241845  3.841654772117897  7.627655506134033  1
-1.0025910988469366  3.841654772117897  4.674860000610352  1
-0.7025910987744499  3.841654772117897  4.696270942687988  1
-0.40259109870196313  3.841654772117897  4.73942756652832  1
-0.10259109862947642  3.841654772117897  4.803738594055176  1
0.1974089014430103  3.841654772117897  4.888362884521484  1
0.49740890151549705  3.841654772117897  4.99226188659668  1
0.7974089015879837  3.841654772117897  5.114255905151367  1
-61.602591113489254  4.141654772190384  60.62784957885742  0
-61.30259111341677  4.141654772190384  60.335426330566406  0
-61.00259111334428  4.141654772190384  60.04301452636719  0
-7.302591100369158  4.141654772190384  8.285486221313477  1
-7.002591100296671  4.141654772190384  8.04623031616211  1
-6.7025911002241845  4.141654772190384  7.812006950378418  1
-6.402591100151698  4.141654772190384  7.583281517028809  1
-1.3025910989194234  4.141654772190384  5.039983749389648  1
-1.0025910988469366  4.141654772190384  5.045562744140625  1
-0.7025910987744499  4.141654772190384  5.071545600891113  1
-0.40259109870196313  4.141654772190384  5.117617607116699  1
-0.10259109862947642  4.141654772190384  5.1832380294799805  1
0.1974089014430103  4.141654772190384  5.26767110824585  1
-61.602591113489254  4.44165477226287  60.670921325683594  0
-61.30259111341677  4.44165477226287  60.37868118286133  0
-61.00259111334428  4.44165477226287  60.08645248413086  0
-60.702591113271794  4.44165477226287  59.79423904418945  0
-7.002591100296671  4.44165477226287  8.23641300201416  1
-6.7025911002241845  4.44165477226287  8.010936737060547  1
-6.402591100151698  4.44165477226287  7.791329860687256  1
8.597408903472639  4.44165477226287  11.206568717956543  0
-61.602591113489254  4.741654772335357  60.716617584228516  0
-61.30259111341677  4.741654772335357  60.4245719909668  0
-61.00259111334428  4.741654772335357  60.13254165649414  0
-6.7025911002241845  4.741654772335357  8.223389625549316  1
-6.402591100151698  4.741654772335357  8.012794494628906  1
-6.102591100079211  4.741654772335357  7.808887004852295  1
8.597408903472639  4.741654772335357  11.302791595458984  0
-61.602591113489254  5.041654772407844  60.764930725097656  0
-61.30259111341677  5.041654772407844  60.47309112548828  0
-6.402591100151698  5.041654772407844  8.24659538269043  1
-6.102591100079211  5.041654772407844  8.051785469055176  1
8.597408903472639  5.041654772407844  11.567607879638672  0
-6.102591100079211  5.3416547724803305  8.305734634399414  1
-5.802591100006724  5.3416547724803305  8.127384185791016  1
8.297408903400152  5.3416547724803305  11.598368644714355  0
8.597408903472639  5.3416547724803305  11.839786529541016  0
8.297408903400152  5.641654772552817  11.881685256958008  0
8.597408903472639  5.641654772552817  12.118830680847168  0
10.097408903835072  5.641654772552817  13.162511825561523  0
29.297408908474225  5.641654772552817  29.40557861328125  0
29.59740890854671  5.641654772552817  29.66720199584961  0
7.997408903327665  5.941654772625304  11.941380500793457  0
8.297408903400152  5.941654772625304  12.171329498291016  0
8.597408903472639  5.941654772625304  12.243614196777344  0
9.797408903762586  5.941654772625304  13.184560775756836  0
10.097408903835072  5.941654772625304  13.426047325134277  0
28.997408908401738  5.941654772625304  29.21306800842285  0
29.297408908474225  5.941654772625304  29.47168731689453  0
29.59740890854671  5.941654772625304  29.755142211914062  0
29.897408908619198  5.941654772625304  30.05904197692871  0
30.197408908691685  5.941654772625304  30.342824935913086  0
7.6974089032551785  6.241654772697791  12.018607139587402  0
7.997408903327665  6.241654772697791  12.088996887207031  0
9.497408903690099  6.241654772697791  13.223241806030273  0
9.797408903762586  6.241654772697791  13.4584379196167  0
10.097408903835072  6.241654772697791  13.696085929870605  0
28.397408908256764  6.241654772697791  28.74650001525879  0
28.69740890832925  6.241654772697791  29.028100967407227  0
28.997408908401738  6.241654772697791  29.309946060180664  0
29.297408908474225  6.241654772697791  29.565814971923828  0
29.59740890854671  6.241654772697791  29.869935989379883  0
29.897408908619198  6.241654772697791  30.152484893798828  0
30.197408908691685  6.241654772697791  30.435251235961914  0
30.49740890876417  6.241654772697791  30.718229293823242  0
30.79740890883666  6.241654772697791  31.001413345336914  0
31.097408908909145  6.241654772697791  31.2847957611084  0
31.39740890898163  6.241654772697791  31.568374633789062  0
7.6974089032551785  6.541654772770277  12.180281639099121  0
9.197408903617612  6.541654772770277  13.278410911560059  0
9.497408903690099  6.541654772770277  13.507068634033203  0
9.797408903762586  6.541654772770277  13.73839282989502  0
28.097408908184278  6.541654772770277  28.570655822753906  0
28.397408908256764  6.541654772770277  28.8508243560791  0
28.69740890832925  6.541654772770277  29.131267547607422  0
28.997408908401738  6.541654772770277  29.411975860595703  0
29.297408908474225  6.541654772770277  29.66506576538086  0
29.59740890854671  6.541654772770277  29.969486236572266  0
29.897408908619198  6.541654772770277  30.250957489013672  0
30.79740890883666  6.541654772770277  31.096771240234375  0
-61.30259111341677  6.841654772842764  60.819053649902344  0
8.897408903545125  6.841654772842764  13.349860191345215  0
9.197408903617612  6.841654772842764  13.571765899658203  0
9.497408903690099  6.841654772842764  13.79654598236084  0
9.797408903762586  6.841654772842764  14.024062156677246  0
26.89740890789433  6.841654772842764  27.5687198638916  0
27.197408907966818  6.841654772842764  27.84639549255371  0
27.497408908039304  6.841654772842764  28.124404907226562  0
27.79740890811179  6.841654772842764  28.40273666381836  0
28.097408908184278  6.841654772842764  28.681381225585938  0
28.397408908256764  6.841654772842764  28.960329055786133  0
28.69740890832925  6.841654772842764  29.239574432373047  0
28.997408908401738  6.841654772842764  29.489500045776367  0
29.297408908474225  6.841654772842764  29.76938819885254  0
29.59740890854671  6.841654772842764  30.074054718017578  0
8.597408903472639  7.141654772915251  13.437332153320312  0
8.897408903545125  7.141654772915251  13.652299880981445  0
9.197408903617612  7.141654772915251  13.870344161987305  0
9.497408903690099  7.141654772915251  14.091323852539062  0
25.697408907604384  7.141654772915251  26.62041664123535  0
25.99740890767687  7.141654772915251  26.89512825012207  0
26.297408907749357  7.141654772915251  27.13837432861328  0
26.597408907821844  7.141654772915251  27.413942337036133  0
26.89740890789433  7.141654772915251  27.689891815185547  0
27.197408907966818  7.141654772915251  27.966209411621094  0
27.497408908039304  7.141654772915251  28.24288558959961  0
27.79740890811179  7.141654772915251  28.519906997680664  0
28.097408908184278  7.141654772915251  28.79726791381836  0
28.397408908256764  7.141654772915251  29.074954986572266  0
28.69740890832925  7.141654772915251  29.35296058654785  0
28.997408908401738  7.141654772915251  29.600040435791016  0
29.297408908474225  7.141654772915251  29.90467643737793  0
8.297408903400152  7.441654772987738  13.540513038635254  0
8.597408903472639  7.441654772987738  13.748390197753906  0
8.897408903545125  7.441654772987738  13.959539413452148  0
9.197408903617612  7.441654772987738  14.17381477355957  0
9.497408903690099  7.441654772987738  14.21032428741455  0
25.697408907604384  7.441654772987738  26.754270553588867  0
25.99740890767687  7.441654772987738  26.99397850036621  0
26.297408907749357  7.441654772987738  27.26767921447754  0
26.597408907821844  7.441654772987738  27.541797637939453  0
26.89740890789433  7.441654772987738  27.816320419311523  0
27.197408907966818  7.441654772987738  28.09123992919922  0
27.497408908039304  7.441654772987738  28.36654281616211  0
27.79740890811179  7.441654772987738  28.64221954345703  0
28.097408908184278  7.441654772987738  28.918254852294922  0
28.397408908256764  7.441654772987738  29.194643020629883  0
28.69740890832925  7.441654772987738  29.43844985961914  0
28.997408908401738  7.441654772987738  29.7155818939209  0
8.297408903400152  7.741654773060224  13.859712600708008  0
8.597408903472639  7.741654773060224  14.063837051391602  0
8.897408903545125  7.741654773060224  14.271270751953125  0
9.197408903617612  7.741654773060224  14.305622100830078  0
25.697408907604384  7.741654773060224  26.893444061279297  0
25.99740890767687  7.741654773060224  27.130064010620117  0
26.297408907749357  7.741654773060224  27.402244567871094  0
26.597408907821844  7.741654773060224  27.67487335205078  0
26.89740890789433  7.741654773060224  27.94793701171875  0
27.197408907966818  7.741654773060224  28.221418380737305  0
27.497408908039304  7.741654773060224  28.495311737060547  0
27.79740890811179  7.741654773060224  28.769601821899414  0
28.097408908184278  7.741654773060224  29.04427719116211  0
28.397408908256764  7.741654773060224  29.3193302154541  0
7.997408903327665  8.041654773132711  13.985904693603516  0
8.297408903400152  8.041654773132711  14.182903289794922  0
8.597408903472639  8.041654773132711  14.217775344848633  0
8.897408903545125  8.041654773132711  14.41599178314209  0
9.197408903617612  8.041654773132711  14.617520332336426  0
25.99740890767687  8.041654773132711  27.27136993408203  0
26.297408907749357  8.041654773132711  27.541996002197266  0
26.597408907821844  8.041654773132711  27.813098907470703  0
26.89740890789433  8.041654773132711  28.08466148376465  0
27.197408907966818  8.041654773132711  28.356674194335938  0
27.497408908039304  8.041654773132711  28.629119873046875  0
27.79740890811179  8.041654773132711  28.90199089050293  0
28.097408908184278  8.041654773132711  29.17527198791504  0
28.397408908256764  8.041654773132711  29.448951721191406  0
7.6974089032551785  8.341654773205198  14.126564025878906  0
7.997408903327665  8.341654773205198  14.31636905670166  0
8.297408903400152  8.341654773205198  14.349979400634766  0
8.597408903472639  8.341654773205198  14.541089057922363  0
8.897408903545125  8.341654773205198  14.735672950744629  0
25.99740890767687  8.341654773205198  27.417816162109375  0
26.297408907749357  8.341654773205198  27.68685531616211  0
26.597408907821844  8.341654773205198  27.956398010253906  0
26.89740890789433  8.341654773205198  28.22642707824707  0
27.197408907966818  8.341654773205198  28.496932983398438  0
27.497408908039304  8.341654773205198  28.767900466918945  0
27.79740890811179  8.341654773205198  29.039316177368164  0
28.097408908184278  8.341654773205198  29.311168670654297  0
28.397408908256764  8.341654773205198  29.545740127563477  0
28.69740890832925  8.341654773205198  29.84987449645996  0
7.397408903182692  8.641654773277684  14.28126335144043  0
7.6974089032551785  8.641654773277684  14.316408157348633  0
7.997408903327665  8.641654773277684  14.496590614318848  0
8.297408903400152  8.641654773277684  14.680537223815918  0
8.597408903472639  8.641654773277684  14.868108749389648  0
8.897408903545125  8.641654773277684  15.059167861938477  0
25.99740890767687  8.641654773277684  27.569320678710938  0
26.297408907749357  8.641654773277684  27.836740493774414  0
26.597408907821844  8.641654773277684  28.10468864440918  0
26.89740890789433  8.641654773277684  28.37315559387207  0
27.197408907966818  8.641654773277684  28.64212417602539  0
27.497408908039304  8.641654773277684  28.91158103942871  0
27.79740890811179  8.641654773277684  29.18151092529297  0
28.097408908184278  8.641654773277684  29.451902389526367  0
6.797408903037718  8.941654773350171  14.278300285339355  0
7.097408903110205  8.941654773350171  14.31550407409668  0
7.397408903182692  8.941654773350171  14.484320640563965  0
7.6974089032551785  8.941654773350171  14.657176971435547  0
7.997408903327665  8.941654773350171  14.833932876586914  0
8.297408903400152  8.941654773350171  15.014450073242188  0
8.597408903472639  8.941654773350171  15.19859504699707  0
26.297408907749357  8.941654773350171  27.99156951904297  0
26.597408907821844  8.941654773350171  28.257896423339844  0
26.89740890789433  8.941654773350171  28.524768829345703  0
27.197408907966818  8.941654773350171  28.79216957092285  0
27.497408908039304  8.941654773350171  29.06008529663086  0
27.79740890811179  8.941654773350171  29.328500747680664  0
6.797408903037718  9.241654773422658  14.50436019897461  0
7.097408903110205  9.241654773422658  14.665742874145508  0
7.397408903182692  9.241654773422658  14.831284523010254  0
7.6974089032551785  9.241654773422658  15.000847816467285  0
7.997408903327665  9.241654773422658  15.174296379089355  0
9.797408903762586  9.241654773422658  16.09730339050293  0
26.597408907821844  9.241654773422658  28.41594123840332  0
26.89740890789433  9.241654773422658  28.68119239807129  0
27.197408907966818  9.241654773422658  28.946998596191406  0
27.497408908039304  9.241654773422658  29.21334457397461  0
27.79740890811179  9.241654773422658  29.437891006469727  0
6.197408902892745  9.541654773495145  14.556575775146484  0
6.4974089029652315  9.541654773495145  14.70617961883545  0
6.797408903037718  9.541654773495145  14.860180854797363  0
7.097408903110205  9.541654773495145  15.01844310760498  0
7.397408903182692  9.541654773495145  15.030713081359863  0
7.6974089032551785  9.541654773495145  15.191291809082031  0
7.997408903327665  9.541654773495145  15.35586166381836  0
9.497408903690099  9.541654773495145  16.234237670898438  0
26.89740890789433  9.541654773495145  28.842344284057617  0
27.197408907966818  9.541654773495145  29.106529235839844  0
27.497408908039304  9.541654773495145  29.37128257751465  0
28.097408908184278  9.541654773495145  29.895185470581055  1
28.397408908256764  9.541654773495145  30.16155242919922  1
28.69740890832925  9.541654773495145  30.428430557250977  1
6.197408902892745  9.841654773567631  14.92043685913086  0
6.4974089029652315  9.841654773567631  15.067129135131836  0
6.797408903037718  9.841654773567631  15.080085754394531  0
7.097408903110205  9.841654773567631  15.229205131530762  0
7.397408903182692  9.841654773567631  15.382538795471191  0
8.897408903545125  9.841654773567631  16.208141326904297  0
9.197408903617612  9.841654773567631  16.384218215942383  0
27.197408907966818  9.841654773567631  29.270689010620117  0
28.097408908184278  9.841654773567631  30.054330825805664  1
28.397408908256764  9.841654773567631  30.319154739379883  1
28.69740890832925  9.841654773567631  30.584510803222656  1
4.997408902602798  10.141654773640118  14.755959510803223  0
5.297408902675285  10.141654773640118  14.881421089172363  0
5.597408902747771  10.141654773640118  15.011676788330078  0
5.897408902820258  10.141654773640118  15.027985572814941  0
6.197408902892745  10.141654773640118  15.160893440246582  0
6.4974089029652315  10.141654773640118  15.29833698272705  0
6.797408903037718  10.141654773640118  15.440196990966797  0
8.297408903400152  10.141654773640118  16.21155548095703  0
8.597408903472639  10.141654773640118  16.37742042541504  0
8.897408903545125  10.141654773640118  16.546886444091797  0
28.097408908184278  10.141654773640118  30.21796417236328  1
28.397408908256764  10.141654773640118  30.481220245361328  1
28.69740890832925  10.141654773640118  30.745033264160156  1
28.997408908401738  10.141654773640118  31.00939178466797  1
4.697408902530311  10.441654773712605  15.01512336730957  0
4.997408902602798  10.441654773712605  15.035598754882812  0
5.297408902675285  10.441654773712605  15.151707649230957  0
7.6974089032551785  10.441654773712605  16.244457244873047  0
7.997408903327665  10.441654773712605  16.399831771850586  0
8.297408903400152  10.441654773712605  16.55900764465332  0
8.597408903472639  10.441654773712605  16.72187614440918  0
28.397408908256764  10.441654773712605  30.64767837524414  1
28.69740890832925  10.441654773712605  30.909927368164062  1
28.997408908401738  10.441654773712605  31.172744750976562  1
29.297408908474225  10.441654773712605  31.436115264892578  1
7.097408903110205  10.741654773785092  16.30666732788086  0
7.397408903182692  10.741654773785092  16.45132827758789  0
7.6974089032551785  10.741654773785092  16.5999755859375  0
7.997408903327665  10.741654773785092  16.752500534057617  0
8.297408903400152  10.741654773785092  16.908798217773438  0
28.397408908256764  10.741654773785092  30.818456649780273  1
28.69740890832925  10.741654773785092  31.079124450683594  1
28.997408908401738  10.741654773785092  31.340381622314453  1
29.297408908474225  10.741654773785092  31.602214813232422  1
6.797408903037718  11.041654773857578  16.531635284423828  0
7.097408903110205  11.041654773857578  16.669572830200195  0
7.397408903182692  11.041654773857578  16.81155776977539  0
7.6974089032551785  11.041654773857578  16.957489013671875  0
7.997408903327665  11.041654773857578  17.10726547241211  0
28.397408908256764  11.041654773857578  30.993486404418945  1
28.69740890832925  11.041654773857578  31.252552032470703  1
28.997408908401738  11.041654773857578  31.512231826782227  1
29.297408908474225  11.041654773857578  31.77250862121582  1
29.59740890854671  11.041654773857578  32.03337097167969  1
29.897408908619198  11.041654773857578  32.294803619384766  1
30.197408908691685  11.041654773857578  32.599212646484375  1
28.69740890832925  11.341654773930065  31.430143356323242  1
28.997408908401738  11.341654773930065  31.6882266998291  1
29.297408908474225  11.341654773930065  31.946931838989258  1
29.59740890854671  11.341654773930065  32.206241607666016  1
29.897408908619198  11.341654773930065  32.466148376464844  1
30.197408908691685  11.341654773930065  32.770225524902344  1
30.49740890876417  11.341654773930065  33.049896240234375  1
30.79740890883666  11.341654773930065  33.311485290527344  1
28.997408908401738  11.641654774002552  31.868297576904297  1
29.297408908474225  11.641654774002552  32.12541580200195  1
29.59740890854671  11.641654774002552  32.38315963745117  1
29.897408908619198  11.641654774002552  32.686275482177734  1
30.197408908691685  11.641654774002552  32.96434020996094  1
30.49740890876417  11.641654774002552  33.22389221191406  1
29.297408908474225  11.941654774075039  32.307891845703125  1
29.59740890854671  11.941654774075039  32.60994338989258  1
29.897408908619198  11.941654774075039  32.88631820678711  1
29.59740890854671  12.241654774147525  32.795867919921875  1
16.697408905429782  12.841654774292499  23.347219467163086  1
-7.002591100296671  13.441654774437472  19.115917205810547  1
-6.7025911002241845  13.441654774437472  19.01673126220703  1
-7.002591100296671  13.741654774509959  19.490962982177734  1
-6.7025911002241845  13.741654774509959  19.393789291381836  1
-7.602591100441645  15.241654774872393  21.803802490234375  1
-7.302591100369158  15.241654774872393  21.70030403137207  1
-51.70259111109719  15.54165477494488  55.05376434326172  0
-51.402591111024705  15.54165477494488  54.781864166259766  0
-7.902591100514131  15.54165477494488  22.28664779663086  1
-7.602591100441645  15.54165477494488  22.18141746520996  1
-51.70259111109719  15.841654775017366  55.21290969848633  0
-51.402591111024705  15.841654775017366  54.9417610168457  0
-7.902591100514131  15.841654775017366  22.663415908813477  1
-7.602591100441645  15.841654775017366  22.55984878540039  1
-51.402591111024705  16.141654775089854  55.10411834716797  0
-51.10259111095222  16.141654775089854  54.83396530151367  0
14.597408904922373  16.141654775089854  25.49810791015625  1
14.89740890499486  16.141654775089854  25.656448364257812  1
15.197408905067347  16.141654775089854  25.817163467407227  1
15.497408905139833  16.141654775089854  25.980207443237305  1
15.79740890521232  16.141654775089854  26.145540237426758  1
-51.402591111024705  16.44165477516234  55.26891326904297  0
-51.10259111095222  16.44165477516234  54.99953079223633  0
14.597408904922373  16.44165477516234  25.831405639648438  1
14.89740890499486  16.44165477516234  25.98757553100586  1
15.197408905067347  16.44165477516234  26.146116256713867  1
15.497408905139833  16.44165477516234  26.30698585510254  1
15.79740890521232  16.44165477516234  26.47014045715332  1
-51.10259111095222  16.741654775234828  55.16752243041992  0
-50.80259111087973  16.741654775234828  54.899173736572266  0
11.897408904269993  16.741654775234828  24.893699645996094  1
12.19740890434248  16.741654775234828  25.02452850341797  1
12.497408904414966  16.741654775234828  25.158109664916992  1
12.797408904487453  16.741654775234828  25.29439926147461  1
13.09740890455994  16.741654775234828  25.4333553314209  1
13.397408904632426  16.741654775234828  25.574934005737305  1
13.697408904704913  16.741654775234828  25.719091415405273  1
13.9974089047774  16.741654775234828  25.865785598754883  1
14.297408904849886  16.741654775234828  26.014970779418945  1
14.597408904922373  16.741654775234828  26.166608810424805  1
14.89740890499486  16.741654775234828  26.320653915405273  1
15.197408905067347  16.741654775234828  26.45395278930664  1
15.497408905139833  16.741654775234828  26.612415313720703  1
15.79740890521232  16.741654775234828  26.773168563842773  1
16.09740890528481  16.741654775234828  26.936168670654297  1
-50.80259111087973  17.041654775307315  55.07035827636719  0
-50.502591110807245  17.041654775307315  54.80307388305664  0
12.19740890434248  17.041654775307315  25.37787628173828  1
12.497408904414966  17.041654775307315  25.50946617126465  1
12.797408904487453  17.041654775307315  25.643749237060547  1
13.09740890455994  17.041654775307315  25.780681610107422  1
13.397408904632426  17.041654775307315  25.920223236083984  1
13.697408904704913  17.041654775307315  26.062334060668945  1
13.9974089047774  17.041654775307315  26.206968307495117  1
14.297408904849886  17.041654775307315  26.35408592224121  1
14.597408904922373  17.041654775307315  26.480945587158203  1
14.89740890499486  17.041654775307315  26.632617950439453  1
15.197408905067347  17.041654775307315  26.78665542602539  1
15.497408905139833  17.041654775307315  26.94301986694336  1
15.79740890521232  17.041654775307315  27.043781280517578  1
16.09740890528481  17.041654775307315  27.20405387878418  1
-50.80259111087973  17.3416547753798  55.243927001953125  0
-50.502591110807245  17.3416547753798  54.97744369506836  0
12.19740890434248  17.3416547753798  25.732629776000977  1
12.497408904414966  17.3416547753798  25.862274169921875  1
12.797408904487453  17.3416547753798  25.994596481323242  1
13.09740890455994  17.3416547753798  26.129552841186523  1
13.397408904632426  17.3416547753798  26.267105102539062  1
13.697408904704913  17.3416547753798  26.407209396362305  1
13.9974089047774  17.3416547753798  26.527589797973633  1
14.297408904849886  17.3416547753798  26.672374725341797  1
14.597408904922373  17.3416547753798  26.81960105895996  1
14.89740890499486  17.3416547753798  26.969226837158203  1
15.197408905067347  17.3416547753798  27.0642147064209  1
15.497408905139833  17.3416547753798  27.217853546142578  1
15.79740890521232  17.3416547753798  27.373788833618164  1
16.09740890528481  17.3416547753798  27.531982421875  1
-50.502591110807245  17.641654775452288  55.15419006347656  0
-50.20259111073476  17.641654775452288  54.8888053894043  0
12.497408904414966  17.641654775452288  26.216476440429688  1
12.797408904487453  17.641654775452288  26.346879959106445  1
13.09740890455994  17.641654775452288  26.458505630493164  1
13.397408904632426  17.641654775452288  26.593780517578125  1
13.697408904704913  17.641654775452288  26.73160171508789  1
13.9974089047774  17.641654775452288  26.871932983398438  1
14.297408904849886  17.641654775452288  26.959468841552734  1
14.597408904922373  17.641654775452288  27.103973388671875  1
14.89740890499486  17.641654775452288  27.250886917114258  1
15.197408905067347  17.641654775452288  27.400165557861328  1
15.497408905139833  17.641654775452288  27.551774978637695  1
15.79740890521232  17.641654775452288  27.705673217773438  1
16.09740890528481  17.641654775452288  27.861825942993164  1
-50.20259111073476  17.941654775524775  55.068721771240234  0
-49.90259111066227  17.941654775524775  54.80446243286133  0
12.797408904487453  17.941654775524775  26.679372787475586  1
13.09740890455994  17.941654775524775  26.810169219970703  1
13.397408904632426  17.941654775524775  26.94353675842285  1
