18.01599984054361  -129.0000000037544  141.82656089594772  0
21.015999840630922  -129.0000000037544  141.78282354192072  0
27.015999840805545  -129.0000000037544  141.91447077182465  0
30.015999840892857  -129.0000000037544  142.05277996842145  0
18.01599984054361  -126.00000000366708  138.5177897623522  0
69.01599984202791  -123.00000000357977  144.90209565751965  1
-41.984000161202616  -114.00000000331784  141.26798580740368  0
-38.984000161115304  -114.00000000331784  139.81050373481207  0
-35.98400016102799  -114.00000000331784  138.4125318029861  0
-32.98400016094068  -114.00000000331784  137.07589077200748  0
-29.984000160853373  -114.00000000331784  135.87383823968884  0
27.015999840805545  -114.00000000331784  125.86439910724528  0
75.01599984220253  -114.00000000331784  139.0407045260178  1
78.01599984228984  -114.00000000331784  140.46596214139964  1
84.01599984246447  -114.00000000331784  143.46907549719526  1
63.01599984185329  -105.0000000030559  125.57075471384618  1
45.01599984132942  -87.00000000253203  101.1377558899638  0
18.01599984054361  -84.00000000244472  92.38346749736655  0
48.01599984141673  -84.00000000244472  99.265816970708  0
18.01599984054361  -81.00000000235741  89.1198949402966  0
21.015999840630922  -81.00000000235741  89.3572935573291  0
30.015999840892857  -63.00000000183354  72.59356082735184  1
33.01599984098017  -63.00000000183354  73.58565360160071  1
33.01599984098017  -60.00000000174623  70.64741431056403  1
36.01599984106748  -60.00000000174623  71.83836178337347  1
33.01599984098017  -57.00000000165892  67.74480506399367  1
36.01599984106748  -57.00000000165892  69.00571674528749  1
9.015999840281676  -48.000000001396984  53.082050410793904  0
12.015999840368988  -48.000000001396984  53.25205697027519  0
9.015999840281676  -45.00000000130967  50.042880242444895  0
12.015999840368988  -45.00000000130967  50.26024581300382  0
15.015999840456299  -45.00000000130967  50.67702935200387  0
12.015999840368988  -42.00000000122236  47.002006694291  0
15.015999840456299  -42.00000000122236  47.48199866282303  0
18.01599984054361  -42.00000000122236  48.168021335598034  0
15.015999840456299  -39.00000000113505  44.57097944390337  0
18.01599984054361  -39.00000000113505  45.33718734558984  0
81.01599984237716  -39.00000000113505  90.78901873501675  0
84.01599984246447  -39.00000000113505  93.64048361666934  0
-35.98400016102799  -36.00000000104774  59.86824234871774  1
-32.98400016094068  -36.00000000104774  57.48183768345022  1
-29.984000160853373  -36.00000000104774  55.21768987204645  1
-26.984000160766062  -36.00000000104774  53.049987647686194  1
-23.98400016067875  -36.00000000104774  51.00426220936771  1
-20.98400016059144  -36.00000000104774  49.0933691248083  1
-17.984000160504127  -36.00000000104774  47.319642296042375  1
-14.984000160416816  -36.00000000104774  45.7857152787889  1
18.01599984054361  -36.00000000104774  42.27508581444148  0
21.015999840630922  -36.00000000104774  43.350811018540405  0
81.01599984237716  -36.00000000104774  89.75860253414604  0
84.01599984246447  -36.00000000104774  92.66028661951742  0
87.01599984255178  -36.00000000104774  95.59671060145456  0
-35.98400016102799  -33.000000000960426  57.27306182743202  1
-11.984000160329504  -33.000000000960426  41.12063807396579  1
-8.984000160242193  -33.000000000960426  39.90992224051384  1
-5.984000160154881  -33.000000000960426  38.8478307161937  1
3.0159998401070536  -30.000000000873115  33.72203644012616  1
6.015999840194365  -30.000000000873115  33.70560693597939  1
21.015999840630922  -30.000000000873115  37.79588420149551  0
6.015999840194365  -27.000000000785803  30.367858407892903  1
9.015999840281676  -27.000000000785803  30.725590902095234  1
9.015999840281676  -24.000000000698492  27.179994812357123  1
12.015999840368988  -24.000000000698492  27.996359275383696  1
15.015999840456299  -24.000000000698492  29.42730111974116  1
30.015999840892857  -21.00000000061118  36.668593481236684  0
33.01599984098017  -18.00000000052387  37.61729326028  0
63.01599984185329  -18.00000000052387  67.21430096319222  1
24.015999840718234  -15.000000000436557  28.315766299823988  1
33.01599984098017  -15.000000000436557  36.355982502887855  0
63.01599984185329  -15.000000000436557  66.82430186576266  1
78.01599984228984  -15.000000000436557  82.55597024221166  0
87.01599984255178  -15.000000000436557  92.22680162417625  1
117.0159998434249  -15.000000000436557  123.61918314365067  0
-74.98400016216304  -12.000000000349246  83.54661232945301  1
27.015999840805545  -12.000000000349246  29.6480579311108  1
63.01599984185329  -12.000000000349246  66.60073551585597  1
78.01599984228984  -12.000000000349246  82.48161994205418  0
117.0159998434249  -12.000000000349246  123.74555858333625  0
-14.984000160416816  -9.000000000261934  20.262062959254436  0
-11.984000160329504  -9.000000000261934  17.520267978193473  0
-8.984000160242193  -9.000000000261934  14.970822650231185  0
-5.984000160154881  -9.000000000261934  12.729823948338053  0
-2.9840001600675694  -9.000000000261934  10.987649922559854  0
0.01599984001974189  -9.000000000261934  10.008278074665014  0
3.0159998401070536  -9.000000000261934  10.01798160074942  0
6.015999840194365  -9.000000000261934  11.01414666781453  0
9.015999840281676  -9.000000000261934  12.767930310796201  0
27.015999840805545  -9.000000000261934  28.76304693130587  1
78.01599984228984  -9.000000000261934  82.54295056564872  0
114.01599984333758  -9.000000000261934  120.76439215679622  0
117.0159998434249  -9.000000000261934  123.9623457936834  0
-20.98400016059144  -6.000000000174623  24.267530529499087  0
-17.984000160504127  -6.000000000174623  21.416120902065348  0
-14.984000160416816  -6.000000000174623  18.377522506843615  0
-11.984000160329504  -6.000000000174623  15.413422028259964  0
-2.9840001600675694  -6.000000000174623  7.868700359577582  0
0.01599984001974189  -6.000000000174623  6.719889383372026  0
3.0159998401070536  -6.000000000174623  6.987872232914251  0
6.015999840194365  -6.000000000174623  8.540312733757862  0
9.015999840281676  -6.000000000174623  10.846906761670862  0
12.015999840368988  -6.000000000174623  13.548165946002692  0
27.015999840805545  -6.000000000174623  28.24558801000064  1
78.01599984228984  -6.000000000174623  82.8257488522622  0
90.01599984263909  -6.000000000174623  95.80980948124193  1
114.01599984333758  -6.000000000174623  121.06521868875191  0
-23.98400016067875  -3.0000000000873115  26.223022411433888  0
-20.98400016059144  -3.0000000000873115  23.063228076705528  0
-17.984000160504127  -3.0000000000873115  20.11645810627484  0
-8.984000160242193  -3.0000000000873115  10.69988661355733  1
-5.984000160154881  -3.0000000000873115  7.653380761252398  1
6.015999840194365  -3.0000000000873115  6.760911724581703  0
9.015999840281676  -3.0000000000873115  9.673104532224322  0
12.015999840368988  -3.0000000000873115  12.80199037016929  0
27.015999840805545  -3.0000000000873115  28.132049772107152  1
78.01599984228984  -3.0000000000873115  83.15861234788895  0
111.01599984325027  -3.0000000000873115  118.20993091622834  0
114.01599984333758  -3.0000000000873115  121.45770876209176  0
-23.98400016067875  0.0  25.49616928815137  0
-20.98400016059144  0.0  22.533873386162725  0
-11.984000160329504  0.0  12.869135541648204  1
-8.984000160242193  0.0  9.571177252056536  1
-5.984000160154881  0.0  6.375102981702648  1
6.015999840194365  0.0  6.409194099712904  0
9.015999840281676  0.0  9.605268370066796  0
12.015999840368988  0.0  12.90349871039053  0
33.01599984098017  0.0  34.62256632950191  0
75.01599984220253  0.0  80.25675695275913  0
90.01599984263909  0.0  96.64782833556563  1
108.01599984316296  0.0  115.5322396749064  0
-68.98400016198842  3.0000000000873115  73.2961405505284  0
-23.98400016067875  3.0000000000873115  25.202249026767  0
-20.98400016059144  3.0000000000873115  22.246522891269628  0
-11.984000160329504  3.0000000000873115  12.768787411647144  1
-8.984000160242193  3.0000000000873115  9.641092584969172  1
-5.984000160154881  3.0000000000873115  6.731237165067555  1
6.015999840194365  3.0000000000873115  7.684109284211314  0
9.015999840281676  3.0000000000873115  10.732585871236001  0
12.015999840368988  3.0000000000873115  13.834043700012499  0
33.01599984098017  3.0000000000873115  35.33341529233941  0
90.01599984263909  3.0000000000873115  97.23611372290638  1
105.01599984307565  3.0000000000873115  112.90034152650179  0
-23.98400016067875  6.000000000174623  25.35627795484114  0
0.01599984001974189  6.000000000174623  6.725167334631726  0
3.0159998401070536  6.000000000174623  7.887035645312464  0
9.015999840281676  6.000000000174623  12.605887502795575  0
84.01599984246447  6.000000000174623  91.48586113882544  1
105.01599984307565  6.000000000174623  113.57308136261094  0
-26.984000160766062  9.000000000261934  28.731515961913917  0
-23.98400016067875  9.000000000261934  25.95021517855165  0
-5.984000160154881  9.000000000261934  10.999019222060966  1
-2.9840001600675694  9.000000000261934  10.012410285491947  1
102.01599984298834  9.000000000261934  111.27181615836477  0
105.01599984307565  9.000000000261934  114.34001322213327  0
-68.98400016198842  12.000000000349246  72.85041618503342  0
-44.98400016128993  12.000000000349246  47.57641739923348  1
-26.984000160766062  12.000000000349246  29.61811770422571  0
-23.98400016067875  12.000000000349246  26.954932269508973  0
-20.98400016059144  12.000000000349246  24.2331195356904  0
102.01599984298834  12.000000000349246  112.05885559710119  0
-26.984000160766062  15.000000000436557  30.880286797376197  0
-23.98400016067875  15.000000000436557  28.28867721341387  0
-20.98400016059144  15.000000000436557  25.813900625096565  0
99.01599984290102  15.000000000436557  109.92471287212429  0
102.01599984298834  15.000000000436557  112.97362031098203  0
-50.98400016146455  18.00000000052387  54.9609076432459  0
-23.98400016067875  18.00000000052387  30.049951600199844  0
-20.98400016059144  18.00000000052387  27.71549524979124  0
-17.984000160504127  18.00000000052387  25.6070921221835  0
99.01599984290102  18.00000000052387  110.990596909836  0
-38.984000161115304  21.00000000061118  44.33004268683617  1
-23.98400016067875  21.00000000061118  32.074777900798225  0
-20.98400016059144  21.00000000061118  30.02725608957306  0
-17.984000160504127  21.00000000061118  27.990587639000985  0
-14.984000160416816  21.00000000061118  26.356595326377757  0
-11.984000160329504  21.00000000061118  25.024215832621426  0
3.0159998401070536  21.00000000061118  24.272174961858305  0
6.015999840194365  21.00000000061118  25.352799896417487  0
99.01599984290102  21.00000000061118  112.06792580644458  0
-35.98400016102799  24.000000000698492  43.25913307993336  1
-20.98400016059144  24.000000000698492  32.4606613058986  0
-17.984000160504127  24.000000000698492  30.813988410633655  0
-14.984000160416816  24.000000000698492  29.413794974213367  0
-11.984000160329504  24.000000000698492  27.98585897770802  0
-8.984000160242193  24.000000000698492  27.17317310724448  0
-5.984000160154881  24.000000000698492  26.71897396733946  0
-2.9840001600675694  24.000000000698492  26.641613325960005  0
0.01599984001974189  24.000000000698492  26.944322081125065  0
3.0159998401070536  24.000000000698492  27.61456779593815  0
6.015999840194365  24.000000000698492  28.827045575048103  0
-38.984000161115304  27.000000000785803  47.424277169384524  1
-35.98400016102799  27.000000000785803  45.03976804040272  1
-14.984000160416816  27.000000000785803  32.351154458745356  0
-11.984000160329504  27.000000000785803  31.388365626974483  0
-8.984000160242193  27.000000000785803  30.72009141435536  0
-5.984000160154881  27.000000000785803  30.36578281774627  0
-2.9840001600675694  27.000000000785803  30.336442242496844  0
0.01599984001974189  27.000000000785803  30.63300270705348  0
3.0159998401070536  27.000000000785803  31.24618504359276  0
6.015999840194365  27.000000000785803  32.15788130753201  0
-125.98400016364734  30.000000000873115  133.87673097032015  1
-71.98400016207573  30.000000000873115  78.9806452385274  1
-68.98400016198842  30.000000000873115  76.04386759366365  1
-35.98400016102799  30.000000000873115  46.92821036947457  1
-32.98400016094068  30.000000000873115  44.83699924476779  1
-128.98400016373466  33.000000000960426  137.40705971304573  1
-125.98400016364734  33.000000000960426  134.21687201521237  1
-71.98400016207573  33.000000000960426  79.94984140472229  1
-68.98400016198842  33.000000000960426  77.10545181822178  1
-65.98400016190111  33.000000000960426  74.26709674798798  1
-32.98400016094068  33.000000000960426  46.95788743109703  1
-29.984000160853373  33.000000000960426  45.18330228122058  1
-125.98400016364734  36.00000000104774  134.6391519012311  1
-68.98400016198842  36.00000000104774  78.26304784343415  1
-65.98400016190111  36.00000000104774  75.49420095260048  1
-32.98400016094068  36.00000000104774  49.30232123968795  1
-29.984000160853373  36.00000000104774  47.51232689774244  1
-26.984000160766062  36.00000000104774  45.9706715060963  1
-125.98400016364734  39.00000000113505  135.1428006473863  1
-65.98400016190111  39.00000000113505  76.86382712102287  1
-29.984000160853373  39.00000000113505  50.091326220481626  1
-26.984000160766062  39.00000000113505  48.57356765051307  1
-23.98400016067875  39.00000000113505  47.22190254612205  1
108.01599984316296  39.00000000113505  129.84177296980818  1
-125.98400016364734  42.00000000122236  135.7269124310111  1
-113.98400016329809  42.00000000122236  123.51899397317933  0
-26.984000160766062  42.00000000122236  51.35324266544457  1
-23.98400016067875  42.00000000122236  50.10942553470577  1
-26.984000160766062  45.00000000130967  53.9681829704469  1
-23.98400016067875  45.00000000130967  52.90852677646399  1
-20.98400016059144  45.00000000130967  51.927273664282176  1
117.0159998434249  45.00000000130967  142.4147465968701  0
-83.98400016242498  48.000000001396984  97.19127355997541  0
-23.98400016067875  48.000000001396984  55.78247819944526  1
-20.98400016059144  48.000000001396984  54.88095026798473  1
-20.98400016059144  51.000000001484295  57.851356678394986  1
-17.984000160504127  51.000000001484295  57.31154018103041  1
114.01599984333758  51.000000001484295  142.85064570257757  0
-20.98400016059144  54.00000000157161  60.9433512038522  1
-17.984000160504127  57.00000000165892  63.533179544388894  1
-95.98400016277422  63.00000000183354  114.9281247408318  1
-14.984000160416816  63.00000000183354  69.64608939429075  1
-107.98400016312347  75.00000000218279  131.56493366529418  0
-107.98400016312347  78.0000000022701  133.25221857513333  0
-101.98400016294885  78.0000000022701  128.39420835934092  0
3.0159998401070536  78.0000000022701  87.4822692116313  1
-104.98400016303616  81.00000000235741  132.60203287533653  0
-101.98400016294885  81.00000000235741  130.23892779793835  0
9.015999840281676  96.00000000279397  109.01149735791802  0
3.0159998401070536  102.00000000296859  114.43069833661303  0
6.015999840194365  102.00000000296859  115.06814241111665  0
