112.96151608229027  -113.90632981039101  194.27682495117188  0
137.26929328055465  -112.38709373549949  199.53363037109375  0
138.78852935544617  -112.38709373549949  199.3587646484375  0
106.88457178272418  -110.86785766060797  190.07322692871094  1
122.07693253163941  -110.86785766060797  193.55410766601562  1
123.59616860653094  -110.86785766060797  194.06546020507812  1
125.11540468142246  -110.86785766060797  194.59030151367188  1
135.75005720566313  -110.86785766060797  197.7716522216797  0
137.26929328055465  -110.86785766060797  197.60853576660156  0
138.78852935544617  -110.86785766060797  198.2547607421875  0
140.3077654303377  -110.86785766060797  198.9136199951172  0
122.07693253163941  -109.34862158571644  192.32611083984375  1
123.59616860653094  -109.34862158571644  192.85166931152344  1
125.11540468142246  -109.34862158571644  192.53245544433594  1
126.63464075631398  -109.34862158571644  193.08587646484375  1
128.1538768312055  -109.34862158571644  193.652587890625  1
129.67311290609703  -109.34862158571644  194.23248291015625  1
131.19234898098856  -109.34862158571644  193.97349548339844  1
140.3077654303377  -109.34862158571644  197.81314086914062  0
106.88457178272418  -107.82938551082492  186.2705535888672  1
122.07693253163941  -107.82938551082492  190.2419891357422  1
123.59616860653094  -107.82938551082492  190.78273010253906  1
125.11540468142246  -107.82938551082492  191.33688354492188  1
126.63464075631398  -107.82938551082492  191.90432739257812  1
128.1538768312055  -107.82938551082492  192.48492431640625  1
129.67311290609703  -107.82938551082492  192.2388458251953  1
131.19234898098856  -107.82938551082492  192.84744262695312  1
132.71158505588008  -107.82938551082492  193.46900939941406  1
141.82700150522922  -107.82938551082492  196.64491271972656  0
143.34623758012074  -107.82938551082492  197.35708618164062  0
144.86547365501227  -107.82938551082492  197.3341827392578  0
38.518948412605624  -106.3101494359334  181.88404846191406  1
40.03818448749715  -106.3101494359334  181.61309814453125  1
41.55742056238867  -106.3101494359334  181.3572540283203  1
123.59616860653094  -106.3101494359334  189.06436157226562  1
125.11540468142246  -106.3101494359334  189.6335906982422  1
126.63464075631398  -106.3101494359334  190.21609497070312  1
128.1538768312055  -106.3101494359334  190.48031616210938  1
129.67311290609703  -106.3101494359334  191.08963012695312  1
131.19234898098856  -106.3101494359334  191.71189880371094  1
132.71158505588008  -106.3101494359334  192.34703063964844  1
36.9997123377141  -104.79091336104187  179.51083374023438  1
38.518948412605624  -104.79091336104187  179.23104858398438  1
40.03818448749715  -104.79091336104187  178.96652221679688  1
41.55742056238867  -104.79091336104187  178.71734619140625  1
128.1538768312055  -104.79091336104187  188.82061767578125  1
129.67311290609703  -104.79091336104187  189.44512939453125  1
131.19234898098856  -104.79091336104187  190.0825653076172  1
132.71158505588008  -104.79091336104187  190.40928649902344  1
134.2308211307716  -104.79091336104187  191.0731201171875  1
33.961240187931054  -103.27167728615035  177.40301513671875  1
35.48047626282258  -103.27167728615035  177.0979766845703  1
36.9997123377141  -103.27167728615035  176.1134796142578  1
38.518948412605624  -103.27167728615035  175.82720947265625  1
40.03818448749715  -103.27167728615035  175.55665588378906  1
41.55742056238867  -103.27167728615035  175.32525634765625  1
134.2308211307716  -103.27167728615035  189.4886932373047  1
135.75005720566313  -103.27167728615035  190.18032836914062  1
30.922768038148007  -101.75244121125883  174.7191619873047  1
32.44200411303953  -101.75244121125883  174.37606811523438  1
33.961240187931054  -101.75244121125883  174.048583984375  1
35.48047626282258  -101.75244121125883  173.73683166503906  1
36.9997123377141  -101.75244121125883  173.44088745117188  1
38.518948412605624  -101.75244121125883  173.16082763671875  1
40.03818448749715  -101.75244121125883  172.896728515625  1
27.88429588836496  -100.2332051363673  172.7288055419922  1
29.403531963256484  -100.2332051363673  172.35910034179688  1
30.922768038148007  -100.2332051363673  172.00511169433594  1
32.44200411303953  -100.2332051363673  171.66693115234375  1
33.961240187931054  -100.2332051363673  170.86888122558594  1
35.48047626282258  -100.2332051363673  170.5537567138672  1
36.9997123377141  -100.2332051363673  170.25485229492188  1
38.518948412605624  -100.2332051363673  169.97225952148438  1
21.807351588798866  -98.71396906147578  171.6251678466797  1
23.32658766369039  -98.71396906147578  170.7906494140625  1
24.845823738581913  -98.71396906147578  170.3685302734375  1
26.365059813473437  -98.71396906147578  169.65830993652344  1
27.88429588836496  -98.71396906147578  169.26109313964844  1
134.2308211307716  -95.67549691169273  181.38011169433594  1
135.75005720566313  -95.67549691169273  181.74778747558594  1
132.71158505588008  -94.15626083680121  178.8667449951172  1
134.2308211307716  -94.15626083680121  179.64247131347656  1
143.34623758012074  -77.44466401299445  166.5644073486328  0
144.86547365501227  -77.44466401299445  167.63893127441406  0
138.78852935544617  -75.92542793810293  161.6541290283203  0
140.3077654303377  -75.92542793810293  162.72349548339844  0
141.82700150522922  -75.92542793810293  163.8035888671875  0
143.34623758012074  -75.92542793810293  164.8941650390625  0
144.86547365501227  -75.92542793810293  166.38787841796875  0
138.78852935544617  -74.4061918632114  159.849853515625  0
140.3077654303377  -74.4061918632114  161.47203063964844  0
141.82700150522922  -74.4061918632114  162.5718536376953  0
129.67311290609703  -72.88695578831988  151.8551025390625  0
131.19234898098856  -72.88695578831988  152.91278076171875  0
135.75005720566313  -72.88695578831988  156.43875122070312  0
137.26929328055465  -72.88695578831988  157.5367431640625  0
138.78852935544617  -72.88695578831988  158.6456298828125  0
140.3077654303377  -72.88695578831988  159.76515197753906  0
141.82700150522922  -72.88695578831988  161.3775634765625  0
131.19234898098856  -71.36771971342836  151.65948486328125  0
132.71158505588008  -71.36771971342836  152.75038146972656  0
141.82700150522922  -68.32924756364531  157.63784790039062  0
138.78852935544617  -66.81001148875379  154.02122497558594  0
140.3077654303377  -66.81001148875379  155.26068115234375  0
141.82700150522922  -66.81001148875379  156.63316345214844  0
94.73068318359199  -57.69459503940464  113.29634857177734  0
93.21144710870047  -56.175358964513116  110.96127319335938  0
94.73068318359199  -56.175358964513116  111.98619079589844  0
96.24991925848352  -56.175358964513116  113.02910614013672  0
97.76915533337504  -56.175358964513116  114.08951568603516  0
91.69221103380895  -54.65612288962159  108.59862518310547  0
93.21144710870047  -54.65612288962159  109.63713836669922  0
94.73068318359199  -54.65612288962159  110.72714233398438  0
96.24991925848352  -54.65612288962159  111.80030059814453  0
97.76915533337504  -54.65612288962159  112.89057159423828  0
99.28839140826656  -54.65612288962159  113.99746704101562  0
100.80762748315809  -54.65612288962159  115.1031265258789  0
102.32686355804961  -54.65612288962159  116.2315444946289  0
103.84609963294113  -54.65612288962159  117.38671112060547  0
97.76915533337504  -53.13688681473007  111.74476623535156  0
99.28839140826656  -53.13688681473007  112.88121795654297  0
100.80762748315809  -53.13688681473007  114.03339385986328  0
102.32686355804961  -53.13688681473007  115.18597412109375  0
103.84609963294113  -53.13688681473007  116.35961151123047  0
105.36533570783266  -53.13688681473007  117.55741119384766  0
106.88457178272418  -53.13688681473007  118.76911926269531  0
108.4038078576157  -53.13688681473007  119.98651885986328  0
100.80762748315809  -51.617650739838545  113.00109100341797  0
102.32686355804961  -51.617650739838545  114.19718170166016  0
59.78825346108695  -47.059942515163975  79.37781524658203  0
30.922768038148007  -45.54070644027245  67.74029541015625  0
33.961240187931054  -45.54070644027245  67.8018569946289  0
