-65.93410091234527  -218.19615071075728  259.1147781999652  1
-226.93400236828873  -195.6561645069252  325.67168162170674  1
-188.2940260188623  -192.43616647780632  279.7474290345279  1
-186.68402700430286  -192.43616647780632  278.05220208896935  1
-186.68402700430286  -190.8261674632469  277.3702734405301  1
-185.07402798974343  -189.21616844868745  274.993126183594  0
-183.464028975184  -189.21616844868745  273.29882565060103  0
-181.85402996062456  -189.21616844868745  271.6227105525022  0
-183.464028975184  -187.60616943412802  272.61598748181103  0
-128.7240624801632  -185.99617041956859  226.20579321822137  0
-173.80403488782738  -184.38617140500915  261.2039415544159  1
-156.0940457276736  -184.38617140500915  244.6007564644471  1
-152.87404769855473  -181.16617337589028  239.9053416807399  0
-180.24403094606512  -163.4561842157365  260.6129088779145  1
-112.62407233456888  -163.4561842157365  198.51660188627707  0
-111.01407332000944  -163.4561842157365  197.6508503880004  0
-115.84407036368775  -161.84618520117706  199.06481633334514  0
-115.84407036368775  -160.23618618661763  197.7934182126005  0
-115.84407036368775  -158.6261871720582  196.5400018082085  0
-107.79407529089058  -155.40618914293933  189.1368577720725  1
-106.18407627633114  -155.40618914293933  188.2553908523391  1
-107.79407529089058  -153.7961901283799  187.8106836284331  1
29.05584094666138  -152.18619111382046  247.04025154200022  0
30.665839961220815  -152.18619111382046  249.01671366310399  0
24.225843902983076  -150.57619209926102  238.96191410142922  0
38.71583503401799  -147.35619407014215  252.4756004661338  1
35.49583700489912  -144.13619604102328  243.92442590225554  0
-64.32410189778584  -136.0862009682261  156.80285651840182  0
-65.93410091234527  -134.47620195366667  155.03251462869594  0
-64.32410189778584  -134.47620195366667  154.96306026955446  0
-123.89406543648492  -121.5962098371912  182.09420555887843  1
-123.89406543648492  -119.98621082263176  181.5152676833716  1
-19.24412949012166  -118.37621180807233  150.12363712559068  1
-17.634130475562227  -118.37621180807233  151.31254569090586  1
-218.88400729549156  -116.76621279351289  315.2700895605201  0
-69.15409894146414  -116.76621279351289  136.88153822791037  1
-17.634130475562227  -116.76621279351289  149.07480523620748  1
8.12585375738873  -116.76621279351289  173.1034353045944  1
9.735852771948165  -116.76621279351289  174.8754250806615  1
-218.88400729549156  -115.15621377895346  315.6687450922529  0
-217.27400828093212  -115.15621377895346  313.13515557890764  0
-22.46412751924053  -115.15621377895346  143.4467623169732  0
-20.854128504681096  -115.15621377895346  144.53199911807368  0
6.515854742829296  -115.15621377895346  169.0925975040156  1
8.12585375738873  -115.15621377895346  170.83908820479073  1
-20.854128504681096  -113.54621476439402  142.31137045113587  0
-40.17411667939431  -111.93621574983459  130.6975786115929  1
-40.17411667939431  -110.32621673527515  128.6591387785083  1
-159.31404375679247  -107.10621870615628  226.1950770653925  1
-62.714102883226396  -105.49621969159685  123.74573548897732  0
-61.10410386866696  -105.49621969159685  123.25252517447042  0
-49.83411076675092  -105.49621969159685  121.55572398060143  0
-22.46412751924053  -105.49621969159685  130.20558529433126  0
-20.854128504681096  -105.49621969159685  131.23328714542478  0
-19.24412949012166  -103.88622067703741  130.09228295712506  0
-109.40407430545001  -102.27622166247798  159.07349334697923  0
-70.76409795602358  -99.05622363335911  121.75246262190923  1
-144.82405262575756  -95.83622560424024  205.71270970755947  1
-144.82405262575756  -94.2262265896808  205.8325052411092  1
-136.7740575529604  -94.2262265896808  194.1010589825751  1
-135.16405853840095  -94.2262265896808  191.79082791254564  1
-133.55405952384152  -94.2262265896808  189.49364732550123  1
-138.38405656751982  -92.61622757512137  196.501179336616  1
-135.16405853840095  -92.61622757512137  191.8319051916116  1
-133.55405952384152  -92.61622757512137  189.5159445323888  1
61.25582123785008  -92.61622757512137  210.57755742996434  1
77.35581138344442  -91.00622856056194  233.09225867992737  1
78.96581039800385  -89.3962295460025  233.59762515146778  1
78.96581039800385  -87.78623053144307  231.60880214910978  1
78.96581039800385  -86.17623151688363  229.62518334371558  1
80.57580941256329  -86.17623151688363  232.14819940915814  1
-90.0840861307368  -82.95623348776476  130.6058991866434  0
-88.47408711617736  -82.95623348776476  128.71765243181375  0
-6.364137373646182  -76.51623742952702  101.89424661976294  1
54.81582517961234  -76.51623742952702  180.30728741895555  1
-9.584135402765051  -73.29623940040815  94.71583645639886  0
37.10583601945856  -68.46624235672985  143.6123287717289  0
62.86582025240951  -68.46624235672985  182.6358115782656  1
21.005845873864207  -65.24624432761098  116.84115197727726  0
33.88583799033969  -65.24624432761098  134.7262119312024  1
22.61584488842364  -63.636245313051546  116.81032532422284  0
-102.96407824721227  -62.02624629849211  146.91274348355878  1
-101.35407923265284  -62.02624629849211  144.4774414569816  1
19.395846859304772  -60.41624728393268  108.11866837067323  1
24.225843902983076  -60.41624728393268  114.66082887234684  0
-106.18407627633114  -58.80624826937324  152.4475248345  0
12.955850801067035  -58.80624826937324  97.59534502871296  0
-104.5740772617717  -57.19624925481381  150.2940692474481  0
-133.55405952384152  -55.58625024025437  197.36690117849386  0
-131.94406050928208  -55.58625024025437  194.725598654877  0
-109.40407430545001  -55.58625024025437  158.30124419534528  1
-16.024131461002792  -55.58625024025437  66.34796538651155  1
-131.94406050928208  -53.97625122569494  195.36228492621805  0
-130.33406149472265  -53.97625122569494  192.71507536160487  0
-107.79407529089058  -53.97625122569494  156.19444530663262  1
-138.38405656751982  -52.3662522111355  206.68770118226317  1
-130.33406149472265  -52.3662522111355  193.3661226406775  0
-106.18407627633114  -52.3662522111355  154.09552848218627  1
51.59582715049347  -52.3662522111355  145.21227081158838  1
53.205826165052905  -52.3662522111355  147.7588211684672  1
51.59582715049347  -50.75625319657607  143.25688140375775  1
53.205826165052905  -50.75625319657607  145.8125247898326  1
-86.86408810161792  -49.146254182016634  124.49455496989792  1
-85.25408908705849  -49.146254182016634  122.01235121158831  1
51.59582715049347  -49.146254182016634  141.31088203302747  1
-86.86408810161792  -47.5362551674572  124.83531601255778  1
-85.25408908705849  -47.5362551674572  122.3301615800472  1
46.765830106815166  -47.5362551674572  131.70644369112495  0
40.32583404857743  -45.926256152897764  119.63126588652  1
48.3758291213746  -45.926256152897764  132.30766498273078  0
40.32583404857743  -44.31625713833833  117.64320999086365  1
41.93583306313686  -44.31625713833833  120.16702108752077  1
-1.5341403299678782  -42.706258123778895  58.70499924319104  1
45.15583109225573  -42.706258123778895  123.30455587991125  1
0.07585868459155663  -41.09625910921946  58.00520752091242  1
51.59582715049347  -41.09625910921946  131.73623070479476  1
35.49583700489912  -39.486260094660025  104.14176640210262  0
37.10583601945856  -39.486260094660025  106.66261409107523  0
40.32583404857743  -39.486260094660025  111.74338956682014  0
41.93583306313686  -39.486260094660025  114.30158023243197  0
49.985828135934035  -39.486260094660025  127.24183228861118  1
51.59582715049347  -39.486260094660025  129.85557673287232  1
-111.01407332000944  -36.266262065541156  168.5126493960135  0
-19.24412949012166  -36.266262065541156  41.97273742338543  0
49.985828135934035  -36.266262065541156  123.4992862117654  0
51.59582715049347  -36.266262065541156  126.13265229002312  0
56.425824194171774  -36.266262065541156  134.07193443495814  1
-109.40407430545001  -34.65626305098172  166.6179557802634  0
-20.854128504681096  -34.65626305098172  40.73564266219869  0
46.765830106815166  -34.65626305098172  116.3832047096427  0
48.3758291213746  -34.65626305098172  119.01207934645493  0
49.985828135934035  -34.65626305098172  121.64834505395585  0
51.59582715049347  -34.65626305098172  124.291531531657  0
53.205826165052905  -34.65626305098172  126.9412064647355  0
-22.46412751924053  -33.046264036422286  39.970115001392614  0
-20.854128504681096  -33.046264036422286  39.21048050202727  0
-16.024131461002792  -33.046264036422286  38.08854995718083  1
53.205826165052905  -33.046264036422286  125.12394754346404  0
-54.66410781042922  -31.43626502186285  78.24722289898035  0
-53.05410879586979  -31.43626502186285  75.78106369148814  0
-20.854128504681096  -31.43626502186285  37.76018823373447  0
-17.634130475562227  -31.43626502186285  36.57568785671174  1
-16.024131461002792  -31.43626502186285  36.29305310583009  1
-115.84407036368775  -29.826266007303417  180.17092784187994  1
-114.23407134912831  -29.826266007303417  177.42838729725673  1
-17.634130475562227  -29.826266007303417  34.954787469315036  1
-16.024131461002792  -29.826266007303417  34.55335882073152  1
-115.84407036368775  -28.216266992743982  181.11230491072055  1
-114.23407134912831  -28.216266992743982  178.3637548572957  1
-53.05410879586979  -28.216266992743982  76.4375895906385  0
-9.584135402765051  -21.776270934506243  25.112472577006248  1
-7.974136388205617  -21.776270934506243  25.383021183206232  1
53.205826165052905  -21.776270934506243  112.86253635289755  1
54.81582517961234  -21.776270934506243  115.58892139868759  1
54.81582517961234  -20.16627191994681  113.92028119112328  1
159.4657611259756  -20.16627191994681  294.0970407163276  0
49.985828135934035  -18.556272905387374  104.05444458602568  0
-157.70404474223304  -16.94627389082794  260.71517466833717  1
49.985828135934035  -16.94627389082794  102.40548225218959  0
-80.42409204338018  -15.336274876268506  128.36920991650692  1
-25.6841255483594  -15.336274876268506  36.66776691292621  1
-80.42409204338018  -13.726275861709071  129.4245117024078  1
-25.6841255483594  -13.726275861709071  36.98819177277535  1
-25.6841255483594  -12.116276847149637  37.44366925139956  1
-154.48404671311417  -8.896278818030767  261.1318373033125  0
-152.87404769855473  -7.2862798034713325  259.57910260743034  0
-75.59409499970188  -5.676280788911898  126.77632024668755  0
-159.31404375679247  -4.066281774352463  273.27682617503297  1
-157.70404474223304  -4.066281774352463  270.4825916248135  1
-180.24403094606512  0.7637152693258412  313.4904718735493  1
82.18580842712272  2.373714283885276  140.75783476150946  1
82.18580842712272  3.9837132984447106  139.4994187022169  1
83.79580744168216  3.9837132984447106  142.29258473299248  1
-48.22411175219148  10.42370935668245  92.95142077375107  0
132.0957778784652  13.643707385801319  218.77927417460373  1
-135.16405853840095  15.253706400360754  247.62993059944276  0
-133.55405952384152  15.253706400360754  244.8424090815712  0
-133.55405952384152  16.86370541492019  246.28583596773814  0
115.99578773287085  16.86370541492019  188.65577779628975  0
-106.18407627633114  23.30370147315793  205.0046264027963  0
196.4957384608426  23.30370147315793  323.27248734705046  1
198.10573747540204  23.30370147315793  326.05756306880323  1
-127.11406346560379  24.913700487717364  242.5808745697683  0
198.10573747540204  24.913700487717364  324.9132774072711  1
-73.98409598514245  26.5236995022768  153.042723107877  1
149.805767038619  29.743697531395668  238.3576902410395  1
151.41576605317843  29.743697531395668  241.12363785676183  1
-88.47408711617736  32.96369556051454  184.29783373080824  1
-61.10410386866696  36.18369358963341  141.71855109241383  1
-111.01407332000944  41.01369063331171  230.89136232034858  1
-109.40407430545001  41.01369063331171  228.15658826255324  1
122.43578379110859  41.01369063331171  185.34588927185317  0
-109.40407430545001  42.623689647871146  229.82502043454062  1
93.45580152903877  42.623689647871146  136.73349512352956  1
148.19576802405956  45.843687676990015  226.2645874627091  0
148.19576802405956  47.45368669154945  225.43625629691306  0
-115.84407036368775  52.283683735227754  250.87929490974275  1
87.01580547080103  52.283683735227754  124.17748054424256  0
-111.01407332000944  53.89368274978719  244.48025112393358  0
144.9757699949407  53.89368274978719  216.9625828114878  1
-119.06406839280662  57.11368077890606  261.4673494024696  1
-117.45406937824718  57.11368077890606  258.7636150787078  1
148.19576802405956  57.11368077890606  220.89109509732597  1
-80.42409204338018  58.72367979346549  199.13394364385954  0
-59.494104854107526  58.72367979346549  165.42618216923944  0
-57.88410583954809  58.72367979346549  162.87999569549825  0
83.79580744168216  58.72367979346549  118.89743662395705  0
83.79580744168216  60.33367880802493  118.89971467464886  0
-85.25408908705849  66.77367486626267  216.34944209827194  1
-83.64409007249905  66.77367486626267  213.73978015122395  1
-123.89406543648492  73.2136709245004  287.17762331781904  0
162.68575915509447  74.82366993905984  237.80901973192914  0
1.6858576991509913  76.43366895361928  106.08202050731565  1
1.6858576991509913  78.04366796817871  108.35090884895878  1
143.36577098038126  78.04366796817871  206.12919300473436  0
-101.35407923265284  79.65366698273814  257.5220197639337  0
141.75577196582182  79.65366698273814  203.27673857137202  0
143.36577098038126  79.65366698273814  205.77420881543776  0
-101.35407923265284  81.26366599729758  259.4077588799305  0
-32.124121606597136  81.26366599729758  153.59073027337374  0
143.36577098038126  81.26366599729758  205.44368244023818  0
144.9757699949407  82.87366501185701  207.61523833211814  0
146.58576900950013  82.87366501185701  210.1007029397628  0
146.58576900950013  84.48366402641645  209.79126302947975  0
144.9757699949407  86.09366304097588  207.04864163973446  0
-48.22411175219148  98.97365515745136  199.8152863845475  1
-43.39411470851318  98.97365515745136  192.99014582924238  1
37.10583601945856  100.5836541720108  117.17213119023496  0
-36.95411865027544  102.19365318657023  188.44574730681688  1
37.10583601945856  102.19365318657023  119.20396026218722  0
-83.64409007249905  103.80365220112967  258.77978444484637  1
-36.95411865027544  103.80365220112967  190.62663291539937  1
33.88583799033969  103.80365220112967  122.28521132726627  1
35.49583700489912  103.80365220112967  121.7337536801139  1
61.25582123785008  103.80365220112967  121.61573403305162  0
33.88583799033969  105.4136512156891  124.37509815772813  1
30.665839961220815  107.02365023024853  127.82871330955346  0
32.27583897578025  107.02365023024853  127.12104039957624  0
30.665839961220815  108.63364924480797  129.96495064681557  0
32.27583897578025  108.63364924480797  129.24070581570706  0
33.88583799033969  108.63364924480797  128.57313799925012  0
35.49583700489912  108.63364924480797  127.96313423140839  0
40.32583404857743  108.63364924480797  126.4864428984149  0
30.665839961220815  110.2436482593674  132.10563077716287  0
32.27583897578025  110.2436482593674  131.36537596856817  0
40.32583404857743  110.2436482593674  128.5145345352281  0
41.93583306313686  110.2436482593674  128.11975140411565  0
56.425824194171774  110.2436482593674  127.3017779240665  0
41.93583306313686  111.85364727392684  130.13389090829753  0
56.425824194171774  111.85364727392684  129.07414776272154  0
41.93583306313686  113.46364628848627  132.15630617629512  0
43.545832077696296  113.46364628848627  131.77624923241802  0
66.08581828152838  113.46364628848627  132.66786396372788  1
43.545832077696296  115.07364530304571  133.7850255983914  0
66.08581828152838  115.07364530304571  134.28295804885883  1
43.545832077696296  118.29364333216458  137.82685517709197  0
45.15583109225573  118.29364333216458  137.43955315476933  0
46.765830106815166  118.29364333216458  137.10813129379812  0
67.69581729608781  118.29364333216458  137.97531420928516  1
43.545832077696296  119.90364234672401  139.85920680832572  0
45.15583109225573  119.90364234672401  139.45135054795222  0
46.765830106815166  119.90364234672401  139.09845700927391  0
61.25582123785008  119.90364234672401  138.44349331817327  0
67.69581729608781  119.90364234672401  139.61351371006901  1
16.175848830185902  121.51364136128345  156.79915337040083  0
33.88583799033969  121.51364136128345  145.5700256023891  0
46.765830106815166  121.51364136128345  141.0972099440451  0
48.3758291213746  121.51364136128345  140.7779707058043  0
49.985828135934035  121.51364136128345  140.51359916468516  0
51.59582715049347  121.51364136128345  140.30440547788393  0
61.25582123785008  121.51364136128345  140.21724875612284  0
62.86582025240951  121.51364136128345  140.3975513314214  0
14.56584981562647  123.12364037584288  160.32732755654862  0
16.175848830185902  123.12364037584288  159.04451068273485  0
46.765830106815166  123.12364037584288  143.10403698630142  0
48.3758291213746  123.12364037584288  142.76369447813173  0
49.985828135934035  123.12364037584288  142.47736540388829  0
51.59582715049347  123.12364037584288  142.24537593869266  0
54.81582517961234  123.12364037584288  141.9454191557841  0
59.645822223290644  123.12364037584288  141.907665667721  0
61.25582123785008  123.12364037584288  142.00511853973242  0
62.86582025240951  123.12364037584288  142.15745474587106  0
69.30581631064724  123.12364037584288  143.31118677332725  1
14.56584981562647  124.73363939040232  162.57811046076387  0
56.425824194171774  124.73363939040232  143.75711942863052  0
58.03582320873121  124.73363939040232  143.71927468373636  0
59.645822223290644  124.73363939040232  143.73576651947192  0
61.25582123785008  124.73363939040232  143.80657624177053  0
62.86582025240951  124.73363939040232  143.93162368270333  0
61.25582123785008  126.34363840496175  145.6211175806124  0
1.6858576991509913  127.95363741952119  178.69356383636728  1
-1.5341403299678782  131.17363544864006  186.44902723678257  0
40.32583404857743  131.17363544864006  155.487977743258  1
41.93583306313686  131.17363544864006  154.85542011686633  1
64.47581926696894  131.17363544864006  151.23483014321542  1
3.295856713710426  134.39363347775893  186.2041658905151  1
38.71583503401799  134.39363347775893  160.42478309554505  0
1.6858576991509913  136.00363249231836  190.03987415642916  1
3.295856713710426  136.00363249231836  188.47291197164114  1
4.905855728269861  136.00363249231836  186.93459673604477  1
6.515854742829296  136.00363249231836  185.42564142745877  1
-67.5440999269047  139.22363052143723  280.65957053224275  0
1.6858576991509913  139.22363052143723  194.57842950229352  0
1.6858576991509913  140.83362953599666  196.8477132478234  0
-53.05410879586979  142.4436285505561  264.7664482114454  0
-51.44410978131035  142.4436285505561  262.57921298725194  0
-49.83411076675092  142.4436285505561  260.4035987071307  0
-17.634130475562227  144.05362756511553  222.10500000233847  1
-11.194134417324486  147.2736255942344  219.36616675391454  0
46.765830106815166  147.2736255942344  173.98277775825983  0
-22.46412751924053  148.88362460879384  234.50552785097284  0
12.955850801067035  150.49362362335327  200.026839581472  1
16.175848830185902  150.49362362335327  197.29996523067274  1
-27.294124562918835  152.1036226379127  244.78087997470644  1
-25.6841255483594  152.1036226379127  242.8380702709278  1
-14.414132446443356  152.1036226379127  229.7307908710957  1
-11.194134417324486  152.1036226379127  226.1571950297346  1
-67.5440999269047  155.32362066703158  302.0894748040964  0
-69.15409894146414  156.933619681591  306.4945794684986  0
-67.5440999269047  156.933619681591  304.2425529275043  0
-65.93410091234527  156.933619681591  301.9995942252866  0
-67.5440999269047  158.54361869615045  306.39731081134727  0
-65.93410091234527  158.54361869615045  304.1582296273375  0
-64.32410189778584  158.54361869615045  301.9284109847334  0
-65.93410091234527  160.15361771070988  306.31846699796625  0
-64.32410189778584  160.15361771070988  304.09247378212496  0
-64.32410189778584  161.76361672526932  306.25806225836453  0
-62.714102883226396  163.37361573982875  306.2161075045168  0
3.295856713710426  168.20361278350705  233.85071558636056  1
21.005845873864207  168.20361278350705  218.1403388706341  1
22.61584488842364  168.20361278350705  216.87182239762805  1
-33.73412062115657  169.8136117980665  277.2643185384782  1
21.005845873864207  169.8136117980665  220.38872839423206  1
-33.73412062115657  171.42361081262592  279.4999755026241  1
-32.124121606597136  171.42361081262592  277.52966882087816  1
-22.46412751924053  171.42361081262592  266.0180904928861  0
22.61584488842364  171.42361081262592  221.36178952546783  1
-33.73412062115657  173.03360982718536  281.73617288782407  1
-32.124121606597136  173.03360982718536  279.7685553462987  1
21.005845873864207  173.03360982718536  224.88677691882785  1
22.61584488842364  173.03360982718536  223.60751412255053  1
-33.73412062115657  174.6436088417448  283.9728979271402  1
-32.124121606597136  174.6436088417448  282.00793052932625  1
-30.514122592037705  174.6436088417448  280.0570640741773  1
-28.90412357747827  174.6436088417448  278.12059529344714  1
-27.294124562918835  174.6436088417448  276.19882701965656  1
-25.6841255483594  174.6436088417448  274.2920682407825  1
-20.854128504681096  174.6436088417448  268.6650320582056  0
-19.24412949012166  174.6436088417448  266.82152580345746  0
21.005845873864207  174.6436088417448  227.13641077999623  1
-33.73412062115657  176.25360785630423  286.2101382497619  1
-32.124121606597136  176.25360785630423  284.2477828206605  1
-19.24412949012166  176.25360785630423  269.07916531544976  0
4.905855728269861  176.25360785630423  243.64074153999258  0
6.515854742829296  176.25360785630423  242.10793648810957  0
21.005845873864207  176.25360785630423  229.38643509861126  1
-19.24412949012166  177.86360687086366  271.33700193262035  0
-17.634130475562227  177.86360687086366  269.5136384036751  0
19.395846859304772  177.86360687086366  232.95258983313687  1
17.785847844745337  179.4736058854231  236.55066524217247  0
-20.854128504681096  181.08360489998253  277.68942374162856  1
12.955850801067035  181.08360489998253  242.996295230049  0
16.175848830185902  181.08360489998253  240.17922673889865  0
-22.46412751924053  182.69360391454197  281.7962506224873  1
12.955850801067035  182.69360391454197  245.2593055508125  0
22.61584488842364  182.69360391454197  237.09135157593698  1
19.395846859304772  184.3036029291014  241.96921318239865  1
21.005845873864207  184.3036029291014  240.64203015193684  1
33.88583799033969  184.3036029291014  230.96927027686516  1
9.735852771948165  185.91360194366084  252.70604939136726  1
11.3458517865076  185.91360194366084  251.23456336864183  1
21.005845873864207  185.91360194366084  242.89417283618386  1
32.27583897578025  185.91360194366084  234.30791166837255  1
33.88583799033969  185.91360194366084  233.18948894000746  1
9.735852771948165  187.52360095822027  254.97213968734383  1
11.3458517865076  187.52360095822027  253.49939472511682  1
12.955850801067035  187.52360095822027  252.04903167316067  1
14.56584981562647  187.52360095822027  250.6214391086175  1
32.27583897578025  187.52360095822027  236.53401355661217  1
33.88583799033969  187.52360095822027  235.41064659043315  1
9.735852771948165  189.1335999727797  257.2382892779423  1
11.3458517865076  189.1335999727797  255.76430802033101  1
12.955850801067035  189.1335999727797  254.31249512305595  1
14.56584981562647  189.1335999727797  252.88323239477367  1
40.32583404857743  189.1335999727797  233.40011140971825  1
40.32583404857743  190.74359898733914  235.60097445313164  1
162.68575915509447  190.74359898733914  254.08155722852197  0
37.10583601945856  192.35359800189858  239.88573165283333  0
33.88583799033969  193.963597016458  244.30415467960924  1
33.88583799033969  195.57359603101744  246.5296309786935  1
16.175848830185902  200.40359307469575  267.3007107376716  1
17.785847844745337  200.40359307469575  265.90382286899364  1
167.51575619877278  222.94357927852784  279.333839527651  1
169.1257552133322  224.55357829308727  281.62474279578976  0
169.1257552133322  226.1635773076467  282.81926293084047  0
170.73575422789165  226.1635773076467  283.91707227117456  0
170.73575422789165  227.77357632220614  285.1072380181751  0
186.835744373486  229.38357533676557  298.1749762868306  1
107.94579266007368  237.43357040956275  273.6251120780653  1
90.2358034999199  242.26356745324105  282.00119699957713  1
119.21578576198972  247.09356449691936  284.77086045592546  1
