67.45600134469056  -98.31849994479822  209.27598016540773  1
68.95600138112128  -98.31849994479822  209.79551181166644  1
68.95600138112128  -96.8184999083675  206.89789153757152  1
70.456001417552  -96.8184999083675  207.43226107704348  1
64.45600127182912  -95.31849987193678  201.66484678962865  0
70.456001417552  -95.31849987193678  203.73599421845387  1
118.45600258333504  -95.31849987193678  225.17928446937412  1
65.95600130825984  -93.81849983550606  198.05256597188895  0
118.45600258333504  -93.81849983550606  222.63355221138323  1
122.9560026926272  -93.81849983550606  225.08778135503167  1
124.45600272905791  -93.81849983550606  225.91985350768545  1
67.45600134469056  -92.31849979907534  195.31593632265373  0
122.9560026926272  -92.31849979907534  222.58099535388035  1
65.95600130825984  -90.81849976264462  190.95463837281545  0
121.45600265619647  -90.81849976264462  219.24290347102266  0
124.45600272905791  -86.31849965335246  216.82276963523125  1
118.45600258333504  -84.81849961692174  209.03736819483606  1
116.95600254690432  -83.31849958049102  204.31094049874832  1
118.45600258333504  -83.31849958049102  206.47175099026373  1
119.95600261976575  -83.31849958049102  207.36171344632032  1
125.95600276548863  -83.31849958049102  211.98583185742572  1
127.45600280191935  -83.31849958049102  212.918316383143  1
118.45600258333504  -81.8184995440603  202.69055943324426  1
119.95600261976575  -81.8184995440603  203.6302196002947  1
125.95600276548863  -81.8184995440603  208.59191954420845  1
127.45600280191935  -81.8184995440603  212.23405588819458  1
125.95600276548863  -80.31849950762958  206.20883488480112  1
127.45600280191935  -80.31849950762958  207.15336370350843  1
116.95600254690432  -78.81849947119886  193.52368604745624  0
127.45600280191935  -78.81849947119886  203.47207438715145  1
128.9560028383501  -78.81849947119886  204.4240414002553  1
109.45600236475072  -77.31849943476814  185.8666516227412  0
110.95600240118144  -77.31849943476814  186.70594071472746  0
112.45600243761216  -77.31849943476814  187.55349664642273  0
127.45600280191935  -77.31849943476814  199.10066302232235  1
128.9560028383501  -77.31849943476814  200.04959090519736  1
101.95600218259712  -75.81849939833742  180.17693355742838  0
109.45600236475072  -75.81849939833742  183.37041570615372  0
110.95600240118144  -75.81849939833742  184.30279901125726  0
112.45600243761216  -75.81849939833742  185.1623315784364  0
128.9560028383501  -75.81849939833742  197.76634501109572  1
130.4560028747808  -74.3184993619067  196.4808520610082  1
107.95600232832  -72.81849932547598  179.6297295622689  1
175.4560039677024  -71.31849928904526  226.93361571877946  0
104.95600225545856  -69.81849925261454  171.56183503318414  0
175.4560039677024  -69.81849925261454  225.04297870338044  0
154.45600345767232  -68.31849921618382  208.37818612134794  1
179.95600407699456  -68.31849921618382  226.75162886831012  1
173.95600393127168  -66.8184991797531  220.14131729520287  0
175.4560039677024  -66.8184991797531  221.33525236636513  0
182.956004149856  -66.8184991797531  227.35934240207953  0
151.45600338481088  -65.31849914332238  198.73060091410156  0
154.45600345767232  -65.31849914332238  203.06006222948025  1
155.95600349410304  -65.31849914332238  204.21095371039377  1
151.45600338481088  -62.318499070460945  193.35721377145242  0
152.9560034212416  -62.318499070460945  196.05835849102772  0
-190.54400492139322  -60.818499034030225  222.12368456227995  1
187.45600425914816  -60.818499034030225  224.21384615831911  0
179.95600407699456  -59.318498997599505  219.64108046043518  1
187.45600425914816  -59.318498997599505  222.58210866935858  0
188.95600429557888  -59.318498997599505  223.8527696968004  0
190.4560043320096  -59.318498997599505  225.1262539660412  0
-192.04400495782394  -57.818498961168785  220.3898655798337  1
190.4560043320096  -57.818498961168785  223.54114665771704  0
191.95600436844032  -57.818498961168785  224.82625808193586  0
187.45600425914816  -56.318498924738066  219.4053023887324  1
190.4560043320096  -56.318498924738066  221.9852651681666  0
191.95600436844032  -56.318498924738066  223.27918410246167  0
193.45600440487104  -56.318498924738066  224.575667599506  0
172.45600389484096  -54.818498888307346  206.3223301030004  0
197.9560045141632  -54.818498888307346  226.99697179835323  0
185.95600422271744  -53.318498851876626  218.23321200220008  0
187.45600425914816  -53.318498851876626  219.54610476710394  0
196.45600447773248  -53.318498851876626  224.2233327642965  0
197.9560045141632  -53.318498851876626  225.544027638294  0
199.45600455059392  -53.318498851876626  226.8669525808061  0
-141.04400371917947  -51.818498815445906  176.5602516935864  1
197.9560045141632  -51.818498815445906  224.12182240793626  0
199.45600455059392  -51.818498815445906  225.45294648119852  0
200.95600458702464  -51.818498815445906  226.78617946708502  0
199.45600455059392  -50.31849877901519  224.07018467274125  0
200.95600458702464  -50.31849877901519  225.41145003548638  0
208.45600476917824  -42.81849859686159  225.94755210395635  0
205.4560046963168  -41.31849856043087  222.01994412652678  0
206.95600473274752  -41.31849856043087  223.41292530619486  0
208.45600476917824  -41.31849856043087  224.80728440248524  0
206.95600473274752  -39.81849852400015  222.30029164036102  0
202.45600462345536  -36.81849845113871  218.4685256111003  0
206.95600473274752  -36.81849845113871  220.18080669721266  0
199.45600455059392  -33.81849837827727  212.7613572612126  1
200.95600458702464  -33.81849837827727  214.18573982648772  1
202.45600462345536  -33.81849837827727  216.3012536854775  1
220.456005060624  -18.818498013970075  223.9251954460192  0
211.45600484203968  -12.818497868247194  214.38369096796916  1
-3.044000367553266  -9.818497795385754  19.393625271417044  1
-1.5440003311225463  -9.818497795385754  19.420673092162353  1
-3.044000367553266  -6.818497722524316  13.577137759985996  0
-54.04400160619774  2.1815024960600033  55.205982546934536  1
-55.54400164262846  3.681502532490723  57.35519180153457  1
-54.04400160619774  3.681502532490723  55.85395950893282  1
223.45600513348543  3.681502532490723  223.53132992618026  1
-15.044000658999025  5.1815025689214425  19.540413141529722  1
-10.544000549706865  5.1815025689214425  15.879020182450173  1
-45.04400138761342  6.681502605352162  47.084102051669795  1
-15.044000658999025  6.681502605352162  21.562552855551246  1
226.45600520634687  6.681502605352162  226.76022233058174  0
-43.5440013511827  8.181502641782883  46.62139796249534  1
-42.04400131475198  8.181502641782883  45.217947370460976  1
-42.04400131475198  9.681502678213603  46.396325362934846  1
-21.044000804721904  9.681502678213603  30.029984686827  0
-40.54400127832126  11.181502714644322  46.412436793358964  1
-39.04400124189054  12.681502751075042  46.66957343913004  1
-37.54400120545982  12.681502751075042  45.41587098211477  1
-36.0440011690291  12.681502751075042  43.3664930057705  1
-36.0440011690291  14.181502787505762  45.97246589224937  1
-34.54400113259838  14.181502787505762  43.934840003470754  1
218.95600502419327  14.181502787505762  220.04104146745246  0
220.456005060624  17.1815028603672  222.13747534242023  1
221.9560050970547  18.68150289679792  223.98208359820467  1
-6.044000440414705  21.68150296965936  43.40832718254512  0
221.9560050970547  23.18150300609008  226.4213388652669  1
220.456005060624  26.18150307895152  226.2231865641919  1
175.4560039677024  30.681503188243678  188.35980990907183  1
178.45600404056384  33.68150326110512  193.16676921277374  0
179.95600407699456  33.68150326110512  194.373090540468  0
136.4560030205037  35.18150329753584  152.5982808149558  1
106.45600229188928  36.68150333396656  122.0820254359283  1
-205.54400528570042  39.681503406828  220.8820732943943  0
-205.54400528570042  41.18150344325872  221.99797255677638  0
118.45600258333504  44.18150351612016  142.67322956097178  0
119.95600261976575  44.18150351612016  143.8617722206414  0
85.4560017818592  45.68150355255088  116.20708933687155  1
86.95600181828992  45.68150355255088  117.17486012847647  1
88.45600185472064  45.68150355255088  118.31105492791795  1
92.9560019640128  45.68150355255088  122.14655211837778  1
167.9560037855488  50.18150366184304  196.15621479200826  1
131.95600291121153  51.68150369827376  172.40462636324486  1
173.95600393127168  51.68150369827376  201.73514882110135  1
110.95600240118144  53.18150373470448  152.50026074727177  1
176.95600400413312  53.18150373470448  204.58473983599896  0
134.95600298407297  54.6815037711352  175.26310499667437  0
136.4560030205037  54.6815037711352  176.43815657406805  0
175.4560039677024  54.6815037711352  204.8358055285865  0
176.95600400413312  54.6815037711352  206.1061972864611  0
68.95600138112128  56.18150380756592  124.36274835982397  0
70.456001417552  56.18150380756592  125.04907140098757  0
71.95600145398272  56.18150380756592  125.74992186831798  0
73.45600149041344  56.18150380756592  126.46505823560366  0
130.4560028747808  56.18150380756592  173.65553925361797  0
133.45600294764225  56.18150380756592  176.03426690977216  0
142.45600316622657  56.18150380756592  184.09153813259542  0
70.456001417552  57.68150384399664  127.5291184300034  0
131.95600291121153  57.68150384399664  176.86475854157288  0
133.45600294764225  57.68150384399664  178.4950092030786  0
74.95600152684416  59.18150388042736  132.49373074072358  1
76.45600156327488  59.18150388042736  133.44152637658397  1
133.45600294764225  59.18150388042736  181.07929242688445  1
73.45600149041344  60.68150391685808  135.20251076007793  1
74.95600152684416  60.68150391685808  135.89495644797353  1
142.45600316622657  60.68150391685808  190.55159958227483  1
170.95600385841024  60.68150391685808  207.6076478147886  1
175.4560039677024  60.68150391685808  211.97084729212145  1
142.45600316622657  62.1815039532888  192.55610204434254  0
146.95600327551873  62.1815039532888  195.73763127287006  1
148.45600331194944  62.1815039532888  195.55652356411903  1
149.95600334838016  62.1815039532888  196.7171168622276  1
119.95600261976575  63.681503989719516  176.55383457884702  0
143.95600320265729  63.681503989719516  195.4431152496989  1
148.45600331194944  63.681503989719516  196.16094480453646  1
70.456001417552  65.18150402615024  143.43335928628585  0
115.4560025104736  65.18150402615024  175.7164623955498  0
119.95600261976575  65.18150402615024  179.82809274183722  0
145.456003239088  65.18150402615024  195.88551755161353  1
146.95600327551873  65.18150402615024  197.00767978953525  0
68.95600138112128  66.68150406258096  147.41098381898854  0
118.45600258333504  66.68150406258096  181.05402228842377  0
119.95600261976575  66.68150406258096  182.07331767625965  0
137.9560030569344  66.68150406258096  195.12056792156952  1
139.45600309336513  66.68150406258096  196.21972283268755  1
73.45600149041344  68.18150409901168  153.84604207693556  1
122.9560026926272  68.18150409901168  187.30328730760334  1
71.95600145398272  69.6815041354424  157.50869817721303  1
118.45600258333504  69.6815041354424  186.5470797137266  0
118.45600258333504  71.18150417187312  188.78917079820425  0
164.95600371268736  71.18150417187312  217.27443326917626  1
121.45600265619647  72.68150420830383  192.8293251574027  1
124.45600272905791  72.68150420830383  194.54322766831427  1
70.456001417552  74.18150424473455  166.95223098976845  0
71.95600145398272  74.18150424473455  167.64956450857196  0
73.45600149041344  74.18150424473455  168.35741046249223  0
121.45600265619647  74.18150424473455  194.89553638309692  1
-138.04400364631803  75.68150428116527  207.00201192938462  0
89.95600189115136  75.68150428116527  177.90267574076537  0
91.45600192758208  75.68150428116527  178.69656079506044  0
94.45600200044352  75.68150428116527  180.82274615795598  0
82.45600170899776  77.181504317596  176.32479168614537  0
83.95600174542848  77.181504317596  177.05531792190448  0
85.4560017818592  77.181504317596  178.2027081726676  0
86.95600181828992  77.181504317596  178.95810976794996  0
88.45600185472064  77.181504317596  180.21135000506675  0
89.95600189115136  77.181504317596  180.99180485715797  0
83.95600174542848  78.68150435402671  180.57539284864833  0
86.95600181828992  78.68150435402671  182.06946072527808  0
88.45600185472064  78.68150435402671  182.83040147567027  0
89.95600189115136  78.68150435402671  183.56508364185578  0
91.45600192758208  78.68150435402671  185.1705743707824  0
64.45600127182912  80.18150439045743  173.85951975593568  0
98.95600210973568  80.18150439045743  191.49146320188748  1
-132.04400350059515  81.68150442688815  213.23162002099673  0
-30.044001023306222  81.68150442688815  164.7775756717565  0
-132.04400350059515  83.18150446331887  216.51323946770128  0
-130.54400346416443  83.18150446331887  215.55299632881474  0
-28.544000986875503  86.18150453618031  173.59768235209316  0
-16.544000695429744  86.18150453618031  172.49022938022412  1
-136.5440036098873  87.68150457261103  223.04321979527933  0
-135.0440035734566  87.68150457261103  222.11936051642633  0
-133.54400353702587  87.68150457261103  221.20181522408487  0
-28.544000986875503  87.68150457261103  177.14899880905926  0
-27.044000950444783  87.68150457261103  176.94044257818382  0
-25.544000914014063  87.68150457261103  176.7443765690128  0
7.455999887461773  87.68150457261103  175.647302978594  1
55.456001053244805  87.68150457261103  186.00768132844684  0
-108.04400291770365  89.18150460904175  212.92033624725545  1
-106.54400288127293  89.18150460904175  212.10023862558148  1
-24.044000877583343  89.18150460904175  179.51039772703774  0
-19.544000768291184  89.18150460904175  179.0486438763794  0
-18.044000731860464  89.18150460904175  178.91962604583472  0
7.455999887461773  89.18150460904175  178.65031477885512  1
-18.044000731860464  90.68150464547247  181.68733538376335  0
-111.04400299056509  92.18150468190319  218.96516792575608  0
-109.54400295413437  92.18150468190319  218.15584546985366  0
55.456001053244805  92.18150468190319  194.27291078594502  0
61.456001198967684  92.18150468190319  195.46636201505333  1
-3.044000367553266  93.68150471833391  187.2150193620633  1
5.955999851031053  93.68150471833391  187.64645573129036  1
55.456001053244805  93.68150471833391  196.4262278965379  0
56.956001089675524  93.68150471833391  196.8832583039797  0
59.956001162536964  93.68150471833391  197.0502219848709  1
61.456001198967684  93.68150471833391  197.52000763474408  1
5.955999851031053  95.18150475476463  190.63054509770257  1
55.456001053244805  95.18150475476463  198.58192979673615  0
56.956001089675524  95.18150475476463  199.0143148407828  0
58.456001126106244  95.18150475476463  199.45704394819256  1
59.956001162536964  95.18150475476463  199.9100483937985  1
61.456001198967684  95.18150475476463  200.37325848606932  1
-0.044000294691826494  96.68150479119535  193.31847371025123  0
1.4559997417388932  96.68150479119535  193.3785281504293  0
2.955999778169613  96.68150479119535  193.45021576132962  0
49.456000907521926  96.68150479119535  199.86245413108577  0
50.956000943952645  96.68150479119535  200.24726285221476  0
58.456001126106244  96.68150479119535  201.60448699264938  1
59.956001162536964  96.68150479119535  202.03443695716868  1
61.456001198967684  96.68150479119535  202.47458890404783  1
1.4559997417388932  98.18150482762607  196.3780764365813  0
4.455999814600333  98.18150482762607  196.48212008853216  1
5.955999851031053  98.18150482762607  196.55130303209893  1
8.955999923892492  98.18150482762607  196.72393082304984  0
10.455999960323211  98.18150482762607  196.82734563352267  0
32.95600050678401  98.18150482762607  199.2954965694776  0
34.45600054321473  98.18150482762607  199.5575363281203  0
58.456001126106244  98.18150482762607  203.7536043919994  1
59.956001162536964  98.18150482762607  204.16053358665457  1
4.455999814600333  99.68150486405679  199.3741918289646  1
5.955999851031053  99.68150486405679  199.40276095331234  1
8.955999923892492  99.68150486405679  199.4937295990435  0
11.955999996753931  99.68150486405679  199.62975091503753  0
5.955999851031053  101.18150490048751  202.40133500055452  1
10.455999960323211  101.18150490048751  202.55194647573592  0
16.45600010604609  101.18150490048751  202.90790939624668  0
35.95600057964545  101.18150490048751  204.77703142862066  1
37.45600061607617  101.18150490048751  205.0148820720227  1
-28.544000986875503  102.68150493691823  207.91472040749187  1
5.955999851031053  102.68150493691823  205.30964618710794  1
11.955999996753931  102.68150493691823  205.4458057396635  1
14.95600006961537  102.68150493691823  205.57956862845813  1
16.45600010604609  102.68150493691823  205.6628380598387  0
-27.044000950444783  104.18150497334895  210.47410078692238  1
2.955999778169613  104.18150497334895  208.30681033969705  0
4.455999814600333  104.18150497334895  208.30209219991397  0
11.955999996753931  104.18150497334895  208.44057432308585  1
13.456000033184651  104.18150497334895  208.48508217046677  1
14.95600006961537  104.18150497334895  208.55438262272034  1
19.45600017890753  104.18150497334895  208.99176525367432  1
-31.544001059736942  105.68150500977967  214.84786758579588  0
19.45600017890753  105.68150500977967  211.9787913357976  1
-30.044001023306222  107.18150504621039  217.54317088522765  0
8.955999923892492  108.68150508264111  217.0944104202651  1
23.95600028819969  108.68150508264111  216.7363293042193  0
10.455999960323211  110.18150511907183  220.0887631139847  1
13.456000033184651  110.18150511907183  220.1307842293847  0
11.955999996753931  111.68150515550255  223.09891272306584  0
13.456000033184651  111.68150515550255  223.12388098828313  0
16.45600010604609  111.68150515550255  223.204130694504  0
26.95600036106113  111.68150515550255  223.80251508634905  1
