4.268185993320764  -60.23589259261624  59.56969601888652  0
5.3957981487172555  -60.23589259261624  59.82119942662022  0
4.268185993320764  -59.10828043721975  58.40535213793068  0
9.90624677030322  -59.10828043721975  59.99528071674695  0
11.033858925699711  -59.10828043721975  60.374738067526316  0
3.1405738379242725  -57.980668281823256  57.08179177658159  1
-25.04973004698801  -56.853056126426765  59.41467052592405  1
-25.04973004698801  -55.72544397103027  58.462045392708546  0
-23.92211789159152  -55.72544397103027  57.99348948800559  0
2.012961682527781  -55.72544397103027  54.591186550767894  1
-26.1773422023845  -54.59783181563378  58.000092310803474  0
-25.04973004698801  -54.59783181563378  57.497384213470255  0
-7.007935560644149  -54.59783181563378  52.97058080517154  0
-27.304954357780993  -53.47021966023729  57.58844641496368  0
-26.1773422023845  -53.47021966023729  57.0514859954647  0
-0.24226262826520134  -53.47021966023729  52.017326288134086  0
0.8853495271312899  -53.47021966023729  52.15424409058131  0
-28.432566513177484  -52.3426075048408  57.22819332431055  0
-27.304954357780993  -52.3426075048408  56.65698027417004  0
-26.1773422023845  -52.3426075048408  56.10843346288591  0
-10.390772026833623  -52.3426075048408  51.10198422353392  1
15.544307547285676  -52.3426075048408  55.65377241730024  0
-28.432566513177484  -51.21499534944431  56.3149471495566  0
7.651022459510238  -51.21499534944431  51.4349616376477  0
16.671919702682167  -51.21499534944431  55.102642570550955  0
-17.15644495921257  -50.08738319404782  50.57611527651544  1
-32.94301513476345  -48.959771038651326  57.15787837990449  0
-17.15644495921257  -48.959771038651326  49.566200549261694  1
-32.94301513476345  -47.832158883254834  56.318726542898645  0
15.544307547285676  -46.70454672785834  50.320671938815394  0
-28.432566513177484  -45.57693457246185  51.973833654352504  1
14.416695391889185  -45.57693457246185  48.65169588151534  0
15.544307547285676  -45.57693457246185  49.200974188703626  0
16.671919702682167  -45.57693457246185  49.86914498276397  0
-28.432566513177484  -44.44932241706536  51.10973372944066  1
-5.880323405247657  -42.19409810627238  40.874728978534684  0
-4.752711249851166  -42.19409810627238  40.80988678978743  0
-3.6250990944546753  -42.19409810627238  40.784447880949386  0
-40.83630022253889  -38.811261640082904  56.18499586040948  1
27.94804125664708  -38.811261640082904  51.50652984117121  0
-22.794505736195028  -37.68364948468641  42.649880520486676  1
14.416695391889185  -37.68364948468641  41.40063532794545  0
15.544307547285676  -37.68364948468641  42.019061975278106  0
-30.687790823970467  -36.55603732928992  47.039801722188386  0
15.544307547285676  -36.55603732928992  41.025357928671816  0
9.90624677030322  -35.42842517389343  37.32003892558829  1
5.3957981487172555  -34.30081301849694  34.58911652885359  0
-0.24226262826520134  -33.17320086310045  32.27959649783337  1
0.8853495271312899  -33.17320086310045  32.42342266119162  1
5.3957981487172555  -33.17320086310045  33.47489933011782  0
5.3957981487172555  -32.045588707703956  32.395302135565174  0
-2.497486939058184  -30.91797655230746  29.895527433574905  0
-1.3698747836616927  -30.91797655230746  29.925738757716314  0
-19.411669270005554  -28.66275224151448  33.60814708126131  0
-3.6250990944546753  -26.407527930721496  25.507533409134318  1
-3.6250990944546753  -25.279915775325005  24.445869828683243  1
-44.21913668872836  -24.152303619928514  52.704975863050464  0
31.330877722836554  -24.152303619928514  44.171930072077075  0
32.458489878233046  -24.152303619928514  45.25404053035511  0
-44.21913668872836  -23.024691464532022  52.387961882561044  0
-44.21913668872836  -21.89707930913553  52.03411112680723  0
-8.13554771604064  -18.514242842946057  19.398202367687926  0
-7.007935560644149  -18.514242842946057  18.941068338150536  0
-5.880323405247657  -18.514242842946057  18.559793169778416  0
-4.752711249851166  -18.514242842946057  18.259129550516896  0
-3.6250990944546753  -18.514242842946057  18.043107768434623  0
-2.497486939058184  -18.514242842946057  17.91479002663629  0
0.8853495271312899  -18.514242842946057  18.068366035693636  0
-2.497486939058184  -17.386630687549566  16.842984005374547  0
-43.09152453333187  -16.259018532153075  49.433454434066725  1
-37.453463756349414  -16.259018532153075  43.60575909821706  1
-8.13554771604064  -16.259018532153075  17.499153422089844  0
-39.7086880671424  -15.131406376756583  45.68472192493436  1
-38.581075911745906  -15.131406376756583  44.48449385602325  1
-8.13554771604064  -15.131406376756583  16.564545368070437  0
-37.453463756349414  -12.8761820659636  42.82203578713472  0
-36.32585160095292  -12.8761820659636  41.60923063094367  0
-29.560178668573975  -12.8761820659636  34.25920593973357  1
-53.24003393190029  -11.74856991056711  59.4789580734077  1
-36.32585160095292  -11.74856991056711  41.39599764821298  0
-1.3698747836616927  -11.74856991056711  11.335163830536054  1
3.1405738379242725  -11.74856991056711  12.127107336418636  1
-53.24003393190029  -10.620957755170618  59.39798826223072  1
-1.3698747836616927  -10.620957755170618  10.248983586990413  1
3.1405738379242725  -10.620957755170618  11.090510075007511  1
39.22416281061199  -9.493345599774127  45.9450056905947  0
-35.19823944555643  -8.365733444377636  39.62010475720733  1
-34.07062729015994  -8.365733444377636  38.37969981520263  1
-30.687790823970467  -4.982896978188163  34.30374214924931  0
-29.560178668573975  -4.982896978188163  33.05059474898836  0
-10.390772026833623  -4.982896978188163  12.36235745389748  0
-9.263159871437132  -4.982896978188163  11.19873604609437  0
-7.007935560644149  -4.982896978188163  9.195763982317983  0
-5.880323405247657  -4.982896978188163  8.126369439723952  0
-4.752711249851166  -4.982896978188163  7.252390556507981  0
-11.518384182230115  -3.8552848227916714  13.276630335782002  0
-10.390772026833623  -3.8552848227916714  12.058274436728567  0
-9.263159871437132  -3.8552848227916714  10.983404747974031  0
-8.13554771604064  -3.8552848227916714  9.884139248557215  0
-7.007935560644149  -3.8552848227916714  8.707480955591766  0
-5.880323405247657  -3.8552848227916714  7.653173463729548  0
-10.390772026833623  -2.72767266739518  11.846784514450608  0
-9.263159871437132  -2.72767266739518  10.71895640091245  0
0.8853495271312899  -2.72767266739518  2.7571349460109116  0
-10.390772026833623  -1.6000605119986886  11.732876874986083  0
21.182368324268133  -1.6000605119986886  24.092389570313877  0
22.309980479664624  -1.6000605119986886  25.363025268328563  0
22.309980479664624  -0.47244835660219736  25.23047214289428  0
23.437592635061115  -0.47244835660219736  26.486713230210476  0
41.479387121404976  -0.47244835660219736  46.704358023084296  0
-31.815402979366958  0.6551637987942939  35.79822893140256  0
-30.687790823970467  0.6551637987942939  34.513623493579985  0
-29.560178668573975  0.6551637987942939  33.2654373406529  0
7.651022459510238  0.6551637987942939  8.710176915938703  1
23.437592635061115  0.6551637987942939  26.39756755329897  0
41.479387121404976  0.6551637987942939  46.60021403371589  0
-32.94301513476345  1.7827759541907853  37.211507392398026  0
-31.815402979366958  1.7827759541907853  35.946664226278955  0
-30.687790823970467  1.7827759541907853  34.66552016179613  0
-29.560178668573975  1.7827759541907853  33.41667805919222  0
22.309980479664624  1.7827759541907853  25.105668791368945  0
23.437592635061115  1.7827759541907853  26.353336662838153  0
-4.752711249851166  2.9103881095872763  6.052922319921964  0
32.458489878233046  2.9103881095872763  36.26860882106379  1
-14.901220648419589  5.165612420380259  17.95116653151507  0
6.523410304113747  6.29322457577675  9.45066605837875  0
27.94804125664708  6.29322457577675  31.380706689729994  0
9.90624677030322  7.4208367311732415  12.845075026215307  0
11.033858925699711  7.4208367311732415  13.731891005832848  0
27.94804125664708  9.676061041966225  31.860089300798528  0
44.86222358759445  11.931285352759208  50.56008905565366  1
45.98983574299094  13.058897508155699  51.940812387615416  0
45.98983574299094  14.18650966355219  52.11019724553368  0
47.11744789838743  14.18650966355219  53.24407824747758  0
41.479387121404976  15.314121818948681  47.54554859895591  0
-21.666893580798536  16.441733974345173  30.400160738710397  1
-3.6250990944546753  16.441733974345173  16.833275765757314  0
-40.83630022253889  17.569346129741664  50.5550638222354  1
-32.94301513476345  17.569346129741664  42.25546379723288  1
-3.6250990944546753  17.569346129741664  17.874670881945683  0
-2.497486939058184  17.569346129741664  17.515774532654163  0
43.73461143219796  17.569346129741664  50.360760849695595  1
44.86222358759445  17.569346129741664  51.554818781141556  1
-39.7086880671424  18.696958285138155  49.842262386431635  1
-2.497486939058184  18.696958285138155  18.595780454129038  0
-1.3698747836616927  18.696958285138155  18.332399704445653  0
5.3957981487172555  18.696958285138155  18.58786876045151  0
-2.497486939058184  19.824570440534647  19.655154159369985  0
2.012961682527781  19.824570440534647  19.148025992033183  0
3.1405738379242725  19.824570440534647  19.224468557005302  0
-39.7086880671424  20.952182595931138  50.89203678157928  0
-38.581075911745906  20.952182595931138  49.7156467805259  0
-37.453463756349414  20.952182595931138  48.54795434786533  0
-18.284057114609062  20.952182595931138  30.297119465350818  0
-39.7086880671424  22.07979475132763  51.43813404189442  0
-37.453463756349414  22.07979475132763  49.11037354528786  0
-36.32585160095292  22.07979475132763  47.971851323097994  0
-17.15644495921257  22.07979475132763  30.20303940309268  0
-16.02883280381608  22.07979475132763  29.319406068325858  0
-14.901220648419589  22.07979475132763  28.28863991606591  0
7.651022459510238  22.07979475132763  22.345740947808604  1
48.245060053783924  22.07979475132763  56.01818254517976  0
-36.32585160095292  23.20740690672412  48.56288456327157  0
-18.284057114609062  23.20740690672412  32.0553544478838  0
-17.15644495921257  23.20740690672412  31.05606316813258  0
-14.901220648419589  23.20740690672412  29.35934886400422  0
-11.518384182230115  23.20740690672412  26.885645027403573  0
5.3957981487172555  23.20740690672412  22.761361223512115  1
6.523410304113747  23.20740690672412  23.03106667795037  1
47.11744789838743  23.20740690672412  55.30222162396227  0
48.245060053783924  23.20740690672412  56.336978580922576  0
-11.518384182230115  24.33501906212061  27.846868711474  0
4.268185993320764  24.33501906212061  23.62320586235894  1
5.3957981487172555  24.33501906212061  23.812067034426427  1
21.182368324268133  24.33501906212061  31.836966878184604  0
-41.96391237793538  25.462631217517103  55.47711512659006  1
0.8853495271312899  25.462631217517103  24.554707441529843  1
-13.773608493023097  26.590243372913594  31.373648584268583  1
-38.581075911745906  28.845467683706577  54.02904645253635  0
-37.453463756349414  28.845467683706577  52.9501930775779  0
-8.13554771604064  28.845467683706577  30.303211081582276  1
-7.007935560644149  28.845467683706577  29.83011172858925  1
39.22416281061199  28.845467683706577  49.84805203343693  1
-38.581075911745906  29.973079839103068  54.69974255271383  0
-37.453463756349414  29.973079839103068  53.63167684748674  0
18.92714401347515  29.973079839103068  34.3002169686184  0
39.22416281061199  29.973079839103068  50.323819676159786  1
-38.581075911745906  31.10069199449956  55.38412420292767  0
38.0965506552155  31.10069199449956  49.909483839438444  1
39.22416281061199  31.10069199449956  50.87178301937777  1
-38.581075911745906  32.22830414989605  56.15566821272927  0
-37.453463756349414  32.22830414989605  55.03517604235643  0
29.07565341204357  32.22830414989605  43.08347191734765  1
30.203265567440063  32.22830414989605  43.94845690660684  1
34.71371418902603  32.22830414989605  47.59171704578998  1
-37.453463756349414  33.35591630529254  55.83520501061669  0
-36.32585160095292  33.35591630529254  54.73004827281072  0
-37.453463756349414  34.48352846068903  56.57223813711747  0
-36.32585160095292  34.48352846068903  55.47416925996245  0
40.351774966008485  34.48352846068903  53.50532678091274  0
41.479387121404976  34.48352846068903  54.499282631383174  0
34.71371418902603  35.61114061608552  49.530373712953505  0
35.84132634442252  35.61114061608552  50.398775152422985  0
36.96893849981901  35.61114061608552  51.32991724630983  0
40.351774966008485  35.61114061608552  54.1064682709044  0
41.479387121404976  35.61114061608552  55.08694545736867  0
-36.32585160095292  37.866364926878504  57.869517496501985  0
44.86222358759445  38.993977082274995  59.62961651739276  1
-23.92211789159152  40.121589237671486  49.50660577469969  1
16.671919702682167  41.24920139306798  42.585688339209604  0
30.203265567440063  42.37681354846447  50.68718940368717  0
18.92714401347515  43.50442570386096  45.46071159331357  1
20.05475616887164  43.50442570386096  45.95751741421275  1
21.182368324268133  43.50442570386096  46.48365993929853  1
15.544307547285676  44.63203785925745  45.16433295536306  0
18.92714401347515  44.63203785925745  46.43221988015354  1
29.07565341204357  44.63203785925745  51.641004601552694  0
30.203265567440063  44.63203785925745  52.34509843033128  0
15.544307547285676  45.75965001465394  46.17668889162432  0
18.92714401347515  45.75965001465394  47.390822880794644  1
29.07565341204357  45.75965001465394  52.46545142064941  0
-14.901220648419589  46.887262170050434  50.17584181031134  0
-13.773608493023097  46.887262170050434  49.596710482454796  0
-12.645996337626606  46.887262170050434  49.0625570372418  0
-11.518384182230115  46.887262170050434  48.59354899539857  0
17.79953185807866  46.887262170050434  47.948197320153064  1
18.92714401347515  46.887262170050434  48.37394446733785  1
27.94804125664708  46.887262170050434  52.680196265381866  0
-12.645996337626606  48.014874325446925  50.20299579729795  0
17.79953185807866  48.014874325446925  48.94746506362658  1
18.92714401347515  48.014874325446925  49.36182964795519  1
17.79953185807866  49.14248648084342  49.94074762570796  1
18.92714401347515  49.14248648084342  50.339597687876584  1
16.671919702682167  50.27009863623991  50.589803289405445  1
17.79953185807866  50.27009863623991  50.94932988891664  1
18.92714401347515  50.27009863623991  51.33760369271515  1
17.79953185807866  51.3977107916364  51.96151789134315  1
7.651022459510238  52.52532294703289  50.97667751066389  0
9.90624677030322  53.65293510242938  52.28118077851895  0
21.182368324268133  53.65293510242938  55.136148293992505  1
17.79953185807866  59.29099587941184  59.15575214636548  0
