28.853127329023273  -70.44562587249342  99.69158427909301  1
27.31347003185744  -69.29088289961905  97.75427744961422  1
27.6983843561489  -69.29088289961905  97.81816448242643  1
27.31347003185744  -68.90596857532759  97.23624986661986  1
7.682839492993089  -68.52105425103613  95.37149945983757  1
7.682839492993089  -68.13613992674468  94.83368676362042  1
26.543641383274526  -68.13613992674468  95.86975080692993  0
25.003984086108694  -66.9813969538703  93.98413120039116  0
25.388898410400152  -66.9813969538703  94.0632408224049  0
25.003984086108694  -66.59648262957884  93.46464329224469  0
4.988439222952884  -66.21156830528739  92.25919473023794  1
9.992325438741837  -66.21156830528739  91.99446696518146  0
10.377239763033295  -66.21156830528739  91.99211509029466  0
9.992325438741837  -65.82665398099593  91.46373473234115  0
10.377239763033295  -65.82665398099593  91.45626894576885  0
4.2186105743699684  -65.44173965670447  91.23785338126615  1
9.992325438741837  -65.44173965670447  90.92766910179054  0
10.377239763033295  -65.44173965670447  90.92046451662958  0
10.762154087324753  -65.44173965670447  90.91494835295953  0
-10.023219424413973  -65.05682533241301  93.05527836407285  1
9.992325438741837  -65.05682533241301  90.39164282789352  0
10.377239763033295  -65.05682533241301  90.38470254474873  0
10.762154087324753  -65.05682533241301  90.37946072834575  0
9.607411114450379  -64.67191100812155  89.87964946380878  0
9.992325438741837  -64.67191100812155  89.87152251174705  0
10.377239763033295  -64.67191100812155  89.86510290438095  0
10.762154087324753  -64.67191100812155  89.8603910076321  0
9.222496790158921  -64.2869966838301  89.352972436765  0
9.607411114450379  -64.2869966838301  89.34338854676264  0
9.992325438741837  -64.2869966838301  89.33552183394254  0
10.377239763033295  -64.2869966838301  89.32937275197439  0
7.2979251687016315  -63.90208235953863  88.88904288747398  0
8.837582465867463  -63.90208235953863  88.8275548804659  0
9.222496790158921  -63.90208235953863  88.8164969060674  0
9.607411114450379  -63.90208235953863  88.80716598270999  0
9.992325438741837  -63.90208235953863  88.79956265482593  0
10.377239763033295  -63.90208235953863  88.79368736621751  0
6.913010844410174  -63.517168035247174  88.37097036835073  0
7.2979251687016315  -63.517168035247174  88.35148148730744  0
7.682839492993089  -63.517168035247174  88.3337259983304  0
8.452668141576005  -63.517168035247174  88.30341927698672  0
8.837582465867463  -63.517168035247174  88.29086983104196  0
9.222496790158921  -63.517168035247174  88.28005734948185  0
9.607411114450379  -63.517168035247174  88.27098247060326  0
9.992325438741837  -63.517168035247174  88.26364573036882  0
6.528096520118716  -63.132253710955716  87.8686797625988  0
6.913010844410174  -63.132253710955716  87.84792533098432  0
7.2979251687016315  -63.132253710955716  87.8289129632667  0
7.682839492993089  -63.132253710955716  87.8116437909864  0
8.067753817284547  -63.132253710955716  87.79611884278545  0
8.837582465867463  -63.132253710955716  87.77030521689474  0
9.222496790158921  -63.132253710955716  87.76001807939885  0
-26.95944969323812  -62.74733938666426  95.4411016892787  1
6.528096520118716  -62.74733938666426  87.33072189149863  0
6.913010844410174  -62.74733938666426  87.31015398705823  0
7.2979251687016315  -62.74733938666426  87.29133896333713  0
7.682839492993089  -62.74733938666426  87.27427795402133  0
8.067753817284547  -62.74733938666426  87.25897198795545  0
-26.95944969323812  -62.3624250623728  94.92399033716033  1
6.528096520118716  -62.3624250623728  86.79278298075903  0
6.913010844410174  -62.3624250623728  86.77240392034881  0
7.2979251687016315  -62.3624250623728  86.75378869134238  0
7.682839492993089  -62.3624250623728  86.73693842938658  0
8.067753817284547  -62.3624250623728  86.72185416329505  0
8.452668141576005  -62.3624250623728  86.7085368147349  0
-26.574535368946663  -61.97751073808134  94.27891057350257  1
-36.19739347623311  -61.20768208949843  97.48093825577973  0
-35.81247915194165  -61.20768208949843  97.29169095071083  0
-35.427564827650194  -61.20768208949843  97.10364908416577  0
-36.58230780052457  -60.82276776520697  97.17155714334073  0
-36.19739347623311  -60.82276776520697  96.98039774252213  0
-35.81247915194165  -60.82276776520697  96.79044016621238  0
-36.58230780052457  -60.43785344091551  96.67216250530706  0
-36.19739347623311  -60.43785344091551  96.48028290024857  0
-35.81247915194165  -60.43785344091551  96.37576789401163  0
-35.427564827650194  -60.05293911662405  95.73355925286515  1
-35.427564827650194  -59.668024792332595  95.23317637849227  1
-35.042650503358736  -59.668024792332595  95.04149356890615  1
-35.427564827650194  -59.28311046804114  94.73322411810418  1
-35.042650503358736  -59.28311046804114  94.54081444448313  1
-34.65773617906728  -59.28311046804114  94.34963720340897  1
-35.042650503358736  -58.89819614374968  94.08962845648601  1
-34.65773617906728  -58.89819614374968  93.91200159760493  1
-34.27282185477582  -58.89819614374968  93.72035438597428  1
-33.88790753048436  -58.89819614374968  93.52995588203406  1
-33.502993206192905  -58.89819614374968  93.34081372719798  1
-35.042650503358736  -58.51328181945822  93.60524097364751  1
-34.65773617906728  -58.51328181945822  93.41161712756009  1
-34.27282185477582  -58.51328181945822  93.21923798195982  1
-33.88790753048436  -58.51328181945822  93.02811125884362  1
-33.502993206192905  -58.51328181945822  92.83824469331853  1
-34.65773617906728  -58.12836749516676  92.9116693421038  1
-34.27282185477582  -58.12836749516676  92.71855126604818  1
-33.88790753048436  -58.12836749516676  92.52668932104348  1
-33.502993206192905  -58.12836749516676  92.33609133729743  1
-34.65773617906728  -57.743453170875306  92.4121653285996  1
-34.27282185477582  -57.743453170875306  92.23321299791141  1
-5.789161857207937  -54.66413857654364  77.50308790998443  0
-6.1740761814993945  -54.279224252252185  77.05455272355502  0
42.3251286792243  -54.279224252252185  82.31588405096231  1
-70.06985401388141  -52.354652630794895  107.87594463919436  1
-70.06985401388141  -51.96973830650344  107.46748495654803  1
-69.68493968958995  -51.96973830650344  107.17997296063722  1
-69.68493968958995  -51.58482398221198  106.77181323846786  1
-60.0620815823035  -51.19990965792052  99.65582942994436  0
39.245814084892636  -50.814995333629064  76.14746609667338  0
-73.14916860821307  -50.04516668504615  107.80065502905177  1
-72.37933995963016  -49.66025236075469  106.81165712402361  1
-71.9944256353387  -49.66025236075469  106.51515524557772  1
-72.76425428392162  -49.27533803646323  106.71496678844937  1
-72.37933995963016  -49.27533803646323  106.41699107353406  1
-71.9944256353387  -49.27533803646323  106.1258661930502  1
-71.60951131104724  -49.27533803646323  105.82906273668435  1
-73.14916860821307  -48.890423712171774  106.62190790477169  1
-72.76425428392162  -48.890423712171774  106.32246588004617  1
-72.37933995963016  -48.890423712171774  106.0298836433023  1
-73.91899725679599  -48.505509387880316  106.83396722955948  1
-73.53408293250453  -48.505509387880316  106.5324899894928  1
-73.14916860821307  -48.505509387880316  106.23790207923358  1
-72.76425428392162  -48.505509387880316  105.93755683059713  1
-71.9944256353387  -47.7356807392974  104.66220212247379  1
-72.76425428392162  -47.35076641500594  104.87817266713978  1
-45.82025158351956  -46.965852090714485  85.47779983667749  1
-45.4353372592281  -46.58093776642303  84.77108572872976  1
-50.43922347501705  -46.19602344213157  87.69428922634235  1
-50.054309150725594  -46.19602344213157  87.4279189730166  1
-49.669394826434136  -46.19602344213157  87.16249499996891  1
-45.4353372592281  -46.19602344213157  84.31783222072303  1
-45.05042293493664  -46.19602344213157  84.0842299812837  1
-44.66550861064518  -46.19602344213157  83.87676666980761  1
-44.280594286353725  -46.19602344213157  83.62485144754075  1
-43.89567996206227  -46.19602344213157  83.37401757086853  1
-50.82413779930851  -45.81110911784011  87.52384969595971  1
-50.43922347501705  -45.81110911784011  87.25551532375847  1
-50.054309150725594  -45.81110911784011  86.9881170554745  1
-49.669394826434136  -45.81110911784011  86.72166355027821  1
-49.28448050214268  -45.81110911784011  86.45616354330477  1
-45.05042293493664  -45.81110911784011  83.67650814705098  1
-44.66550861064518  -45.81110911784011  83.4224813044294  1
-50.82413779930851  -45.42619479354865  87.08724386669155  1
-50.43922347501705  -45.42619479354865  86.81787623821083  1
-50.054309150725594  -45.42619479354865  86.54944303898618  1
-49.669394826434136  -45.42619479354865  86.2819529903718  1
-49.28448050214268  -45.42619479354865  86.00452310112784  1
-50.82413779930851  -45.041280469257195  86.65179693226216  1
-50.43922347501705  -45.041280469257195  86.38138921787204  1
-50.054309150725594  -45.041280469257195  86.10085618314848  1
-49.669394826434136  -45.041280469257195  85.85434674783552  1
-49.28448050214268  -45.041280469257195  85.58667958042788  1
-50.43922347501705  -44.65636614496574  85.95720216049311  1
-50.054309150725594  -44.65636614496574  85.68659558695765  1
-49.669394826434136  -44.65636614496574  85.41692828144559  1
-50.43922347501705  -44.27145182067428  85.52306930032896  1
-50.054309150725594  -44.27145182067428  85.2514074015829  1
-50.43922347501705  -43.88653749638282  85.09014162843607  1
-51.593966447891425  -43.501623172091364  85.48532723568067  1
-50.82413779930851  -43.501623172091364  84.93315520003294  1
-50.43922347501705  -43.501623172091364  84.65843763415442  1
-51.593966447891425  -43.116708847799906  85.05808021160982  1
-51.20905212359997  -43.116708847799906  84.78047188835802  1
-50.82413779930851  -43.116708847799906  84.50376755906538  1
-51.593966447891425  -41.96196587492553  83.85885092991658  1
-51.97888077218288  -41.577051550634074  83.72014981881301  1
-53.518538069348715  -40.4223085777597  83.6207072676029  1
-51.97888077218288  -40.4223085777597  82.46553516864745  1
-24.265049423197915  -39.652479929176785  64.10721973175737  0
-23.880135098906457  -39.652479929176785  63.860419140605856  0
-24.649963747489373  -39.26756560488533  63.7757766803583  0
-24.265049423197915  -39.26756560488533  63.568655421139376  0
-23.880135098906457  -39.26756560488533  63.363312849752006  0
-25.03487807178083  -38.88265128059387  63.49154686225729  0
-24.649963747489373  -38.88265128059387  63.281547828046705  0
-24.265049423197915  -38.88265128059387  63.073316628203244  0
-23.880135098906457  -38.88265128059387  62.8668708290868  0
-23.495220774615  -38.88265128059387  62.66222807693753  0
-52.36379509647434  -38.49773695630241  80.83737437169964  1
-51.97888077218288  -38.49773695630241  80.54331244501972  1
-25.41979239607229  -38.49773695630241  63.21204694633114  0
-25.03487807178083  -38.49773695630241  62.999160020666345  0
-24.649963747489373  -38.49773695630241  62.78802951147253  0
-23.880135098906457  -38.49773695630241  62.37110894040852  0
-52.36379509647434  -38.11282263201095  80.43045014930965  1
-51.97888077218288  -38.11282263201095  80.22310137492599  1
-51.593966447891425  -38.11282263201095  79.92815874589142  1
-25.804706720363747  -38.11282263201095  62.93733994894282  0
-25.41979239607229  -38.11282263201095  62.72155574884061  0
-25.03487807178083  -38.11282263201095  62.50751597819384  0
-24.649963747489373  -38.11282263201095  62.295238617812444  0
-25.41979239607229  -37.727908307719495  62.231840580934445  0
-25.41979239607229  -37.34299398342804  61.65132623179284  0
-25.03487807178083  -37.34299398342804  61.43687679738619  0
-25.41979239607229  -36.95807965913658  61.16284507090277  0
-25.03487807178083  -36.95807965913658  60.947189961589764  0
-65.83579644667537  -36.57316533484512  89.52534472722758  0
-25.41979239607229  -36.57316533484512  60.675200796738864  0
-25.03487807178083  -36.57316533484512  60.45832350742735  0
-65.83579644667537  -36.188251010553664  89.16467092589005  0
-65.45088212238392  -36.188251010553664  88.84139435853888  0
-65.06596779809246  -36.188251010553664  88.51867120813023  0
-25.804706720363747  -36.188251010553664  60.40830975210319  0
-25.41979239607229  -36.188251010553664  60.14314178293758  0
-25.03487807178083  -36.188251010553664  59.91898889722206  0
-24.649963747489373  -36.188251010553664  59.703751612758126  0
-24.265049423197915  -36.188251010553664  59.490337765364416  0
-23.880135098906457  -36.188251010553664  59.27876704910863  0
-65.83579644667537  -35.803336686262206  88.80580891896346  0
-25.804706720363747  -35.803336686262206  59.870016100116686  0
-25.41979239607229  -35.803336686262206  59.64992596455396  0
-25.03487807178083  -35.803336686262206  59.43162552003487  0
-24.649963747489373  -35.803336686262206  59.21513455999488  0
-24.265049423197915  -35.803336686262206  59.00047300310467  0
-25.804706720363747  -35.41842236197075  59.38609612711444  0
-25.41979239607229  -35.41842236197075  59.16472408283843  0
-25.03487807178083  -35.41842236197075  58.94514689952612  0
-24.649963747489373  -35.41842236197075  58.72738470971788  0
-66.60562509525829  -35.03350803767929  88.74775474557246  0
-25.41979239607229  -35.03350803767929  58.68044677390732  0
-25.03487807178083  -35.03350803767929  58.45957512353981  0
-24.649963747489373  -35.03350803767929  58.233623572096754  0
-65.45088212238392  -34.64859371338783  87.37826809513689  0
-64.29613914950954  -34.263679389096374  86.03160398817255  0
-25.804706720363747  -34.263679389096374  57.92636920454878  0
-64.29613914950954  -33.87876506480492  85.7044607674155  0
-25.41979239607229  -33.87876506480492  57.21990132788748  0
-65.45088212238392  -33.49385074051346  86.32718161910904  0
-65.06596779809246  -33.49385074051346  85.9843564749283  0
-61.21682455517787  -31.954193443347627  81.56076280918353  1
-61.98665320376079  -31.56927911905617  81.87202934037613  1
-61.60173887946933  -31.56927911905617  81.54083849799677  1
-61.21682455517787  -31.56927911905617  81.21019237408733  1
-60.831910230886415  -31.56927911905617  80.88009764923684  1
-60.44699590659496  -31.56927911905617  80.55056110230906  1
-61.60173887946933  -31.18436479476471  81.19340782117573  1
-61.21682455517787  -31.18436479476471  80.86169531042208  1
-60.831910230886415  -31.18436479476471  80.53052782126218  1
-60.44699590659496  -31.18436479476471  80.2956820913363  1
-62.756481852343704  -30.799450470473253  81.84958177796213  1
-62.371567528052246  -30.799450470473253  81.51522606818281  1
-61.21682455517787  -30.799450470473253  80.51529854096457  1
-63.52631050092662  -30.414536146181796  82.08316509879526  1
-63.14139617663516  -30.414536146181796  81.84545202875293  1
-62.756481852343704  -30.414536146181796  81.50954242319591  1
-62.371567528052246  -30.414536146181796  81.174138998378  1
58.10661597517407  -28.489964524724506  66.28895122365535  0
58.49153029946553  -28.489964524724506  66.60758506970056  0
58.49153029946553  -28.10505020043305  66.36441643271627  0
58.87644462375699  -28.10505020043305  66.6855264859213  0
59.261358948048446  -27.72013587614159  66.77102761986613  0
-64.681053473801  -21.946421011769722  76.87789229809906  1
-18.491334558826047  -17.712363444563685  31.592567841707726  0
-70.45476833817287  -16.94253479598077  78.81975146978121  1
-70.06985401388141  -16.94253479598077  78.44476363842114  1
-69.68493968958995  -16.94253479598077  78.17934857314502  1
-5.019333208625021  -16.55762047168931  24.453379798675122  1
-68.91511104100704  -16.172706147397854  77.09851897528415  1
-68.53019671671558  -16.172706147397854  76.72189154555133  1
-68.14528239242412  -16.172706147397854  76.47693330682051  1
-67.76036806813266  -16.172706147397854  76.10015941027208  1
-5.019333208625021  -16.172706147397854  23.930075782899152  1
-4.249504560042105  -15.40287749881494  22.591498744674283  0
-3.094761587167732  -15.40287749881494  22.18238893011266  0
-2.709847262876274  -15.40287749881494  22.057163405340255  0
-2.324932938584816  -15.40287749881494  21.913380938308872  0
-3.4796759114591898  -15.017963174523482  21.7754966762609  0
-3.094761587167732  -15.017963174523482  21.638319942758535  0
-2.709847262876274  -15.017963174523482  21.507739419887425  0
-2.324932938584816  -15.017963174523482  21.38387596010415  0
-1.9400186142933582  -15.017963174523482  21.266846945715024  0
3.4487819257870522  -15.017963174523482  20.399513343533233  0
14.226383005947874  -15.017963174523482  23.4218643887962  1
14.611297330239331  -15.017963174523482  23.613297033509966  1
-3.094761587167732  -14.633048850232024  21.11146036112422  0
-2.709847262876274  -14.633048850232024  20.979562112524604  0
-2.324932938584816  -14.633048850232024  20.854534885472653  0
-1.9400186142933582  -14.633048850232024  20.73650297995357  0
13.841468681656416  -14.633048850232024  22.81160913980976  1
14.226383005947874  -14.633048850232024  23.00283090880272  1
14.611297330239331  -14.633048850232024  23.199268254723997  1
-26.574535368946663  -14.248134525940566  36.19533246152244  0
-3.8645902357506476  -14.248134525940566  20.872016283454066  0
-3.4796759114591898  -14.248134525940566  20.725080798321976  0
-3.094761587167732  -14.248134525940566  20.58490258543027  0
-2.709847262876274  -14.248134525940566  20.451620600139975  0
-2.324932938584816  -14.248134525940566  20.325370520147963  0
-1.9400186142933582  -14.248134525940566  20.18083607554151  0
-1.5551042900019003  -14.248134525940566  20.012772932764555  0
-1.1701899657104424  -14.248134525940566  19.898642996678014  0
-0.7852756414189844  -14.248134525940566  19.792147860008832  0
14.611297330239331  -14.248134525940566  22.790309801400703  1
14.99621165453079  -14.248134525940566  22.996975601731283  1
-26.574535368946663  -13.863220201649108  33.92541923118349  0
-3.8645902357506476  -13.863220201649108  20.349164621848033  0
-3.4796759114591898  -13.863220201649108  20.192655710574154  0
-3.094761587167732  -13.863220201649108  20.020053903901452  0
-2.709847262876274  -13.863220201649108  19.875269093736563  0
-2.324932938584816  -13.863220201649108  19.737737601122426  0
-1.9400186142933582  -13.863220201649108  19.607612104647973  0
-1.5551042900019003  -13.863220201649108  19.485041041172888  0
-1.1701899657104424  -13.863220201649108  19.37016789043227  0
-0.7852756414189844  -13.863220201649108  19.263130449501954  0
14.99621165453079  -13.863220201649108  22.59864441961269  1
-4.249504560042105  -13.47830587735765  19.97936940659961  0
-3.8645902357506476  -13.47830587735765  19.811765190180708  0
-3.4796759114591898  -13.47830587735765  19.651083302654843  0
-3.094761587167732  -13.47830587735765  19.497494909742187  0
-2.709847262876274  -13.47830587735765  19.351168943633972  0
-2.324932938584816  -13.47830587735765  19.21227138313651  0
-1.9400186142933582  -13.47830587735765  19.080964501998572  0
-1.5551042900019003  -13.47830587735765  18.957406090822364  0
-1.1701899657104424  -13.47830587735765  18.841748658923436  0
-0.7852756414189844  -13.47830587735765  18.734138623437556  0
4.2186105743699684  -13.47830587735765  17.9951766282888  0
4.603524898661426  -13.47830587735765  18.1334783587903  0
4.988439222952884  -13.47830587735765  18.157732261878117  0
5.373353547244342  -13.47830587735765  18.190979603124752  0
5.7582678715358  -13.47830587735765  18.233171321175245  0
6.143182195827258  -13.47830587735765  18.284245623565802  0
6.913010844410174  -13.47830587735765  18.412733908337536  0
7.682839492993089  -13.47830587735765  18.575714347357625  0
8.067753817284547  -13.47830587735765  18.669864498485904  0
9.992325438741837  -13.47830587735765  19.26193376200792  0
10.377239763033295  -13.47830587735765  19.403574949336434  0
15.381125978822247  -13.47830587735765  22.428369146140177  1
15.766040303113705  -13.47830587735765  22.655420655495043  1
16.150954627405163  -13.47830587735765  22.887103695510543  1
16.53586895169662  -13.47830587735765  23.123279006734414  1
-4.634418884333563  -13.093391553066192  19.639661661689438  0
-4.249504560042105  -13.093391553066192  19.463057857814803  0
-3.8645902357506476  -13.093391553066192  19.293344151358934  0
-3.4796759114591898  -13.093391553066192  19.130703925489108  0
-3.094761587167732  -13.093391553066192  18.97531908421268  0
-2.709847262876274  -13.093391553066192  18.827369296978684  0
-2.324932938584816  -13.093391553066192  18.68703120021921  0
4.2186105743699684  -13.093391553066192  17.50539535913105  0
4.603524898661426  -13.093391553066192  17.520555972644118  0
4.988439222952884  -13.093391553066192  17.545160782435932  0
5.373353547244342  -13.093391553066192  17.57917013719884  0
5.7582678715358  -13.093391553066192  17.622529592321488  0
6.143182195827258  -13.093391553066192  17.675170340792484  0
6.528096520118716  -13.093391553066192  17.73700974982321  0
6.913010844410174  -13.093391553066192  17.807951993604867  0
7.2979251687016315  -13.093391553066192  17.887888771191086  0
7.682839492993089  -13.093391553066192  17.950916978229344  0
8.067753817284547  -13.093391553066192  18.197055600212675  0
8.452668141576005  -13.093391553066192  18.304631281713657  0
8.837582465867463  -13.093391553066192  18.420492539047398  0
9.222496790158921  -13.093391553066192  18.544484096504608  0
9.992325438741837  -13.093391553066192  18.81620470645941  0
10.377239763033295  -13.093391553066192  18.963593625847594  0
10.762154087324753  -13.093391553066192  19.1184343493876  0
11.14706841161621  -13.093391553066192  19.280547314202124  0
-4.249504560042105  -12.708477228774735  18.947472587073435  0
-3.8645902357506476  -12.708477228774735  18.77553978298147  0
-3.4796759114591898  -12.708477228774735  18.61083736609192  0
-3.094761587167732  -12.708477228774735  18.453558954172514  0
-2.324932938584816  -12.708477228774735  18.129687128842004  0
-1.9400186142933582  -12.708477228774735  17.989935489720644  0
5.373353547244342  -12.708477228774735  17.079074999112308  0
5.7582678715358  -12.708477228774735  17.126508399293144  0
6.143182195827258  -12.708477228774735  17.183467285669373  0
7.2979251687016315  -12.708477228774735  17.410483863471796  0
8.452668141576005  -12.708477228774735  17.71903750046014  0
8.837582465867463  -12.708477228774735  17.839309024989547  0
9.222496790158921  -12.708477228774735  17.968009750576584  0
9.607411114450379  -12.708477228774735  18.229262797006385  0
9.992325438741837  -12.708477228774735  18.37492081795906  0
10.377239763033295  -12.708477228774735  18.528295478021438  0
12.686725708782042  -12.708477228774735  19.599811061255824  0
16.53586895169662  -12.708477228774735  22.401008721567592  1
-4.249504560042105  -12.323562904483277  18.43267453905223  0
-3.094761587167732  -12.323562904483277  17.917784878603612  0
-1.9400186142933582  -12.323562904483277  17.472879250240716  0
-1.1701899657104424  -12.323562904483277  17.21811091341415  0
5.7582678715358  -12.323562904483277  16.632444656808833  0
6.143182195827258  -12.323562904483277  16.693969987905113  0
7.2979251687016315  -12.323562904483277  16.936071466481973  0
8.837582465867463  -12.323562904483277  17.387672598465358  0
9.222496790158921  -12.323562904483277  17.522435538324245  0
9.607411114450379  -12.323562904483277  17.66556275163613  0
9.992325438741837  -12.323562904483277  17.816852661711884  0
10.377239763033295  -12.323562904483277  17.95063022754094  0
10.762154087324753  -12.323562904483277  18.265221208429768  0
16.53586895169662  -12.323562904483277  21.777365495013434  1
-4.249504560042105  -11.938648580191819  17.920836243999076  0
-3.8645902357506476  -11.938648580191819  17.73913640402557  0
-3.4796759114591898  -11.938648580191819  17.56500260108715  0
-3.094761587167732  -11.938648580191819  17.39866201042782  0
-2.709847262876274  -11.938648580191819  17.240340209131826  0
9.222496790158921  -11.938648580191819  17.08154866239491  0
9.607411114450379  -11.938648580191819  17.231129553856167  0
9.992325438741837  -11.938648580191819  17.388965408030362  0
10.377239763033295  -11.938648580191819  17.554833563138807  0
11.14706841161621  -11.938648580191819  17.909763307158364  0
16.92078327598808  -11.938648580191819  21.709803480090997  1
-4.634418884333563  -11.55373425590036  17.60132150974446  0
-4.249504560042105  -11.55373425590036  17.4095232675925  0
-3.8645902357506476  -11.55373425590036  17.225221312036204  0
9.607411114450379  -11.55373425590036  16.802045373758027  0
10.377239763033295  -11.55373425590036  17.139469244491288  0
17.690611924570995  -11.55373425590036  22.023441009569652  1
18.075526248862452  -11.55373425590036  22.468632083635075  1
-4.634418884333563  -11.168819931608903  17.093936698290328  0
-4.249504560042105  -11.168819931608903  16.899225234548304  0
-3.8645902357506476  -11.168819931608903  16.712172885052702  0
9.992325438741837  -11.168819931608903  16.550511478582933  0
18.075526248862452  -11.168819931608903  22.009333059792347  1
-4.634418884333563  -10.783905607317445  16.587827139355404  0
-4.249504560042105  -10.783905607317445  16.390036944857243  0
-3.8645902357506476  -10.783905607317445  16.2003744099986  0
9.992325438741837  -10.783905607317445  16.16303110267009  0
-4.249504560042105  -10.398991283025987  15.875670917429531  0
-2.709847262876274  -7.704591012985782  11.541912183303843  0
-2.324932938584816  -7.704591012985782  11.379009227107904  0
-2.324932938584816  -7.319676688694324  10.858475162150615  0
-1.9400186142933582  -7.319676688694324  10.703983197477477  0
-2.324932938584816  -6.934762364402866  10.339194979740697  0
-1.9400186142933582  -6.934762364402866  10.183593511174127  0
-2.324932938584816  -6.549848040111408  9.810883065098668  0
-1.9400186142933582  -6.16493371581995  9.134239438028219  0
-1.9400186142933582  -5.7800193915284925  8.612054187877568  0
7.682839492993089  -5.7800193915284925  10.256142436413418  0
-20.415906180283336  -5.010190742945577  23.26404228421326  0
-1.5551042900019003  -5.010190742945577  7.410773611764062  0
-20.415906180283336  -4.625276418654119  23.026764516494346  0
-1.5551042900019003  -4.625276418654119  6.887133977041646  0
-1.5551042900019003  -4.240362094362661  6.365700490412516  0
-1.5551042900019003  -3.8554477700712027  5.8372985069623375  0
-1.1701899657104424  -3.8554477700712027  5.68868121463214  0
7.682839492993089  -3.8554477700712027  8.780643954805559  0
8.067753817284547  -3.8554477700712027  9.100787310508366  0
8.452668141576005  -3.8554477700712027  9.426780663792833  0
-1.1701899657104424  -3.4705334457797448  5.163523245603606  0
7.682839492993089  -3.4705334457797448  8.54899521369441  0
8.067753817284547  -3.4705334457797448  8.88157315691805  0
8.452668141576005  -3.4705334457797448  9.219251942602686  0
8.067753817284547  -3.085619121488287  8.689881915975135  0
8.452668141576005  -3.085619121488287  9.03873398083647  0
8.837582465867463  -3.085619121488287  9.391411917600372  0
-18.10642023453459  -2.700704797196829  20.020105999322496  1
8.067753817284547  -2.700704797196829  8.527569715982558  0
8.452668141576005  -2.700704797196829  8.886872813846878  0
8.837582465867463  -2.700704797196829  9.249260129576891  0
-18.10642023453459  -2.315790472905371  19.82594181165634  1
-2.324932938584816  -2.315790472905371  4.285952544552011  0
-1.9400186142933582  -2.315790472905371  4.025578084835362  0
-1.5551042900019003  -2.315790472905371  3.808760141008336  0
1.9091246286212207  -2.315790472905371  3.5293066494694463  1
8.452668141576005  -2.315790472905371  8.765157966867118  0
8.837582465867463  -2.315790472905371  9.136339371298106  0
-3.094761587167732  -1.9308761486139134  4.447593422298407  0
-2.709847262876274  -1.9308761486139134  4.125853902559066  0
-2.324932938584816  -1.9308761486139134  3.847400123120811  0
-1.9400186142933582  -1.9308761486139134  3.574604157629918  0
-1.5551042900019003  -1.9308761486139134  3.3260844392320648  0
1.5242103043297628  -1.9308761486139134  2.914358004964254  1
1.9091246286212207  -1.9308761486139134  3.09291731837539  1
2.2940389529126786  -1.9308761486139134  3.3088581048432735  1
2.6789532772041365  -1.9308761486139134  3.555375457358023  1
8.452668141576005  -1.9308761486139134  8.674858418570023  0
8.837582465867463  -1.9308761486139134  9.053743416407904  0
-3.094761587167732  -1.5459618243224555  4.068066230958476  0
-2.709847262876274  -1.5459618243224555  3.7533583081141786  0
-2.324932938584816  -1.5459618243224555  3.4372672132919835  0
-1.9400186142933582  -1.5459618243224555  3.1387342069395077  0
-1.5551042900019003  -1.5459618243224555  2.8632563353449108  0
1.5242103043297628  -1.5459618243224555  2.4741210906559057  1
1.9091246286212207  -1.5459618243224555  2.6936009035690036  1
2.2940389529126786  -1.5459618243224555  2.9494820447286463  1
2.6789532772041365  -1.5459618243224555  3.233132911608587  1
3.0638676014955943  -1.5459618243224555  3.537880170409797  1
8.837582465867463  -1.5459618243224555  9.002307016735088  0
-3.4796759114591898  -1.1610475000309977  4.104524004258806  0
-3.094761587167732  -1.1610475000309977  3.7601596215127207  0
-2.709847262876274  -1.1610475000309977  3.4084752274221906  0
-2.324932938584816  -1.1610475000309977  3.066976801595935  0
-1.9400186142933582  -1.1610475000309977  2.7394762699772386  0
-1.5551042900019003  -1.1610475000309977  2.431635965972103  0
1.5242103043297628  -1.1610475000309977  2.073429620921642  1
1.9091246286212207  -1.1610475000309977  2.3503293044781275  1
2.2940389529126786  -1.1610475000309977  2.65133100648195  1
2.6789532772041365  -1.1610475000309977  2.9740219461954123  1
3.0638676014955943  -1.1610475000309977  3.312068515935788  1
6.528096520118716  -1.1610475000309977  6.642610311555069  0
8.837582465867463  -1.1610475000309977  8.982565548109882  0
-3.4796759114591898  -0.7761331757395398  3.86727241236312  0
-3.094761587167732  -0.7761331757395398  3.4909160442719998  0
-2.709847262876274  -0.7761331757395398  3.1188032478571452  0
-2.324932938584816  -0.7761331757395398  2.7526555619317365  0
-1.9400186142933582  -0.7761331757395398  2.3952101781566153  0
1.5242103043297628  -0.7761331757395398  1.7605679982011144  1
1.9091246286212207  -0.7761331757395398  2.087334114636951  1
2.2940389529126786  -0.7761331757395398  2.4369791406985115  1
2.6789532772041365  -0.7761331757395398  2.795649969777987  1
3.0638676014955943  -0.7761331757395398  3.1626238660113604  1
8.837582465867463  -0.7761331757395398  8.99472783126366  0
-68.91511104100704  -0.3912188514480819  70.79879171797836  1
-3.4796759114591898  -0.3912188514480819  3.6771148774324645  0
-3.094761587167732  -0.3912188514480819  3.2883750556092606  0
-2.709847262876274  -0.3912188514480819  2.9009286109988492  0
-2.324932938584816  -0.3912188514480819  2.51537328332927  0
-1.5551042900019003  -0.3912188514480819  1.760981738073848  0
1.5242103043297628  -0.3912188514480819  1.574174033177824  1
1.9091246286212207  -0.3912188514480819  1.9492900286390167  1
2.2940389529126786  -0.3912188514480819  2.3296708781209112  1
2.6789532772041365  -0.3912188514480819  2.713981628318861  1
3.0638676014955943  -0.3912188514480819  3.100607299121027  1
8.452668141576005  -0.3912188514480819  8.642382318788208  0
8.837582465867463  -0.3912188514480819  9.038665248921209  0
-3.4796759114591898  -0.006304527156623982  3.558898978389859  0
-3.094761587167732  -0.006304527156623982  3.1653653398523915  0
-2.709847262876274  -0.006304527156623982  2.771832078511795  0
-1.9400186142933582  -0.006304527156623982  1.9889164020861303  0
-1.5551042900019003  -0.006304527156623982  1.5945739951082012  0
1.5242103043297628  -0.006304527156623982  1.5602509491231331  1
1.9091246286212207  -0.006304527156623982  1.9545931680128787  1
2.2940389529126786  -0.006304527156623982  2.344152431661648  1
2.6789532772041365  -0.006304527156623982  2.7376850667710557  1
3.0638676014955943  -0.006304527156623982  3.131218288007103  1
8.452668141576005  -0.006304527156623982  8.71690384153577  0
8.837582465867463  -0.006304527156623982  9.113918454595925  0
-3.4796759114591898  0.3786097971348339  3.5198789716790575  0
-3.094761587167732  0.3786097971348339  3.131271778121142  0
-2.324932938584816  0.3786097971348339  2.3589640412430852  0
-1.9400186142933582  0.3786097971348339  1.9776221141605899  0
-1.5551042900019003  0.3786097971348339  1.6006906937281522  0
1.5242103043297628  0.3786097971348339  1.7229849357480702  1
1.9091246286212207  0.3786097971348339  2.1021589417074495  1
2.2940389529126786  0.3786097971348339  2.478292251748587  1
2.6789532772041365  0.3786097971348339  2.8641474031736434  1
3.0638676014955943  0.3786097971348339  3.2518437618859704  1
-3.4796759114591898  0.7635241214262918  3.5626565216226416  0
-3.094761587167732  0.7635241214262918  3.1889457358362154  0
-2.709847262876274  0.7635241214262918  2.8206325100417504  0
-2.324932938584816  0.7635241214262918  2.4601422971097033  0
-1.9400186142933582  0.7635241214262918  2.108109324824879  0
-1.5551042900019003  0.7635241214262918  1.7775517137814414  0
1.5242103043297628  0.7635241214262918  2.0201252635558933  1
1.9091246286212207  0.7635241214262918  2.356867507041451  1
2.2940389529126786  0.7635241214262918  2.714411378922999  1
2.6789532772041365  0.7635241214262918  3.08074244799551  1
3.0638676014955943  0.7635241214262918  3.453065159585642  1
-17.336591585951673  1.1484384457177497  18.07612430101955  1
-3.4796759114591898  1.1484384457177497  3.6843830597873133  0
-3.094761587167732  1.1484384457177497  3.3336272696195706  0
-2.709847262876274  1.1484384457177497  2.993526867509234  0
-2.324932938584816  1.1484384457177497  2.668159700201511  0
-1.9400186142933582  1.1484384457177497  2.3636182426671493  0
-1.5551042900019003  1.1484384457177497  2.082091357364899  0
-1.1701899657104424  1.1484384457177497  1.8509545063430963  0
-0.40036131712752654  1.1484384457177497  1.5940347544621463  1
-0.01544699283606867  1.1484384457177497  1.6015407731857365  1
0.36946733145538924  1.1484384457177497  1.7029204893714773  1
1.5242103043297628  1.1484384457177497  2.3944955539279276  1
1.9091246286212207  1.1484384457177497  2.701593898395867  1
2.2940389529126786  1.1484384457177497  3.0287538539958714  1
2.6789532772041365  1.1484384457177497  3.3701380426398524  1
3.0638676014955943  1.1484384457177497  3.7218343962807765  1
-3.4796759114591898  1.5333527700092076  3.8776310419984337  0
-3.094761587167732  1.5333527700092076  3.55470901857804  0
-2.709847262876274  1.5333527700092076  3.2474038623884134  0
-2.324932938584816  1.5333527700092076  2.960582853515875  0
-1.9400186142933582  1.5333527700092076  2.7007804653440752  0
-1.5551042900019003  1.5333527700092076  2.4765150905229847  0
-0.7852756414189844  1.5333527700092076  2.1702572876436634  0
1.5242103043297628  1.5333527700092076  2.827557054242247  1
1.9091246286212207  1.5333527700092076  3.1018733751752037  1
2.2940389529126786  1.5333527700092076  3.3996905445692813  1
2.6789532772041365  1.5333527700092076  3.7153616715933584  1
15.766040303113705  1.5333527700092076  17.274760685550227  1
-16.951677261660215  1.9182670943006654  17.537189186256583  1
-3.4796759114591898  1.9182670943006654  4.143236472513934  0
-3.094761587167732  1.9182670943006654  3.8390155531136747  0
-2.709847262876274  1.9182670943006654  3.5650054992509257  0
-2.324932938584816  1.9182670943006654  3.315152218379869  0
-1.9400186142933582  1.9182670943006654  3.095311343997907  0
-1.5551042900019003  1.9182670943006654  2.912287723895961  0
-1.1701899657104424  1.9182670943006654  2.773379968003774  0
-0.7852756414189844  1.9182670943006654  2.6854421446184524  0
15.766040303113705  1.9182670943006654  17.46007450308145  1
-3.094761587167732  2.3031814185921236  4.187569448797518  0
-2.709847262876274  2.3031814185921236  3.9309168779033907  0
-2.324932938584816  2.3031814185921236  3.7141125220874014  0
-1.9400186142933582  2.3031814185921236  3.5280172311490228  0
-1.5551042900019003  2.3031814185921236  3.377710581625047  0
-1.1701899657104424  2.3031814185921236  3.2681339750386114  0
-0.7852756414189844  2.3031814185921236  3.2034691368087556  0
15.766040303113705  2.3031814185921236  17.65922515336812  1
16.150954627405163  2.3031814185921236  18.08567851165436  1
-2.709847262876274  2.6880957428835814  4.332916514880239  0
-2.324932938584816  2.6880957428835814  4.159854520820344  0
-1.9400186142933582  2.6880957428835814  3.9864865685937034  0
-1.5551042900019003  2.6880957428835814  3.862078870553673  0
-1.1701899657104424  2.6880957428835814  3.774781723457413  0
-0.7852756414189844  2.6880957428835814  3.727203059274653  0
15.381125978822247  2.6880957428835814  17.472967268857566  1
15.766040303113705  2.6880957428835814  17.871750082686752  1
17.305697600279537  2.6880957428835814  19.34433048044759  1
17.690611924570995  2.6880957428835814  19.74247471100599  1
18.075526248862452  2.6880957428835814  19.981786360523923  1
18.46044057315391  2.6880957428835814  20.37767891713145  1
18.845354897445368  2.6880957428835814  20.667185204767303  1
15.766040303113705  3.0730100671750393  18.1231187806136  1
16.92078327598808  3.0730100671750393  19.16227261662467  1
17.305697600279537  3.0730100671750393  19.55807329212104  1
17.690611924570995  3.0730100671750393  19.794134808026836  1
18.075526248862452  3.0730100671750393  20.187818372118226  1
18.46044057315391  3.0730100671750393  20.473853591731007  1
18.845354897445368  3.0730100671750393  20.866445422675493  1
16.92078327598808  3.457924391466497  19.390124889665987  1
17.305697600279537  3.457924391466497  19.783682407289348  1
17.690611924570995  3.457924391466497  20.014064254409384  1
18.075526248862452  3.457924391466497  20.405617131785675  1
18.46044057315391  3.457924391466497  20.686711147859363  1
18.845354897445368  3.457924391466497  21.07729008110988  1
9.222496790158921  3.842838715757955  11.831372761680164  0
16.92078327598808  3.842838715757955  19.62961916428808  1
17.305697600279537  3.842838715757955  19.856839378704848  1
17.690611924570995  3.842838715757955  20.245560960276993  1
18.46044057315391  3.842838715757955  20.910977277289902  1
18.845354897445368  3.842838715757955  21.299375217666935  1
-14.25727699162001  4.2277530400494125  14.889202716106569  1
8.837582465867463  4.2277530400494125  11.809366797010057  0
9.222496790158921  4.2277530400494125  12.284731166512778  0
9.607411114450379  4.2277530400494125  12.643722473438539  0
16.92078327598808  4.2277530400494125  19.716539174556026  1
17.305697600279537  4.2277530400494125  20.10205988056004  1
17.690611924570995  4.2277530400494125  20.37587399560738  1
18.46044057315391  4.2277530400494125  21.14628905502552  1
18.845354897445368  4.2277530400494125  21.532353082871325  1
-13.872362667328552  4.61266736434087  14.622033417596867  1
8.067753817284547  4.61266736434087  11.480361250800865  0
8.452668141576005  4.61266736434087  11.818070398740785  0
8.837582465867463  4.61266736434087  12.2799760510382  0
9.222496790158921  4.61266736434087  12.629721070547241  0
9.607411114450379  4.61266736434087  12.982597869535972  0
9.992325438741837  4.61266736434087  13.338357889327437  0
16.92078327598808  4.61266736434087  19.975470684442314  1
17.305697600279537  4.61266736434087  20.358205426975537  1
18.845354897445368  4.61266736434087  21.77587410059285  1
0.7543816557468471  4.997581688632328  7.134426015851396  1
7.682839492993089  4.997581688632328  11.531248769497562  0
8.067753817284547  4.997581688632328  11.857414925260219  0
8.452668141576005  4.997581688632328  12.304152479416054  0
8.837582465867463  4.997581688632328  12.643858395576427  0
9.222496790158921  4.997581688632328  12.987228057705757  0
9.607411114450379  4.997581688632328  13.333978428350374  0
9.992325438741837  4.997581688632328  13.683852507456299  0
10.762154087324753  4.997581688632328  14.462566764862446  0
17.305697600279537  4.997581688632328  20.510143496277955  1
0.7543816557468471  5.382496012923786  7.6684272811147824  1
1.139295980038305  5.382496012923786  7.779019816219418  1
7.2979251687016315  5.382496012923786  11.613204337332633  0
7.682839492993089  5.382496012923786  11.927095872117906  0
8.067753817284547  5.382496012923786  12.357090636400041  0
8.452668141576005  5.382496012923786  12.686040371678407  0
8.837582465867463  5.382496012923786  13.019197449015678  0
9.222496790158921  5.382496012923786  13.356247029630303  0
9.607411114450379  5.382496012923786  13.696901759799921  0
9.992325438741837  5.382496012923786  14.048491052207186  0
10.377239763033295  5.382496012923786  14.456392845187255  0
10.762154087324753  5.382496012923786  14.808809890667117  0
17.305697600279537  5.382496012923786  20.78505707180748  1
0.7543816557468471  5.767410337215244  8.19813611193997  1
6.913010844410174  5.767410337215244  11.725574924709136  0
7.2979251687016315  5.767410337215244  12.02658449190323  0
7.682839492993089  5.767410337215244  12.43842329126657  0
8.067753817284547  5.767410337215244  12.755988780230684  0
8.452668141576005  5.767410337215244  13.078305552288374  0
8.837582465867463  5.767410337215244  13.40503088598587  0
9.222496790158921  5.767410337215244  13.735850194820596  0
9.607411114450379  5.767410337215244  14.07778544897664  0
9.992325438741837  5.767410337215244  14.474571171917066  0
10.377239763033295  5.767410337215244  14.818583337956493  0
10.762154087324753  5.767410337215244  15.16562630418954  0
18.075526248862452  5.767410337215244  21.816131691788986  1
-14.25727699162001  6.152324661506702  15.568509569947214  1
-11.947791045871263  6.152324661506702  13.595520186031738  1
-11.562876721579805  6.152324661506702  13.27796887165936  1
1.139295980038305  6.152324661506702  8.836915220833827  1
6.143182195827258  6.152324661506702  11.586557889409566  0
6.528096520118716  6.152324661506702  11.867494924308378  0
6.913010844410174  6.152324661506702  12.247626433541555  0
7.2979251687016315  6.152324661506702  12.547598297598924  0
7.682839492993089  6.152324661506702  12.85325030308395  0
8.067753817284547  6.152324661506702  13.164186804163043  0
8.452668141576005  6.152324661506702  13.480042122785527  0
8.837582465867463  6.152324661506702  13.80047852846981  0
9.222496790158921  6.152324661506702  14.132174754188517  0
9.607411114450379  6.152324661506702  14.517010076181167  0
9.992325438741837  6.152324661506702  14.852085050838092  0
10.377239763033295  6.152324661506702  15.190585436476276  0
18.075526248862452  6.152324661506702  21.98012471279523  1
18.46044057315391  6.152324661506702  22.34964148316868  1
-73.53408293250453  6.53723898579816  74.49693102656602  0
-73.14916860821307  6.53723898579816  74.1386128027048  0
-13.872362667328552  6.53723898579816  15.419361896540032  1
-13.102534018745637  6.53723898579816  14.76012069880036  1
-11.562876721579805  6.53723898579816  13.524583844106845  1
1.139295980038305  6.53723898579816  9.368148923916571  1
1.5242103043297628  6.53723898579816  9.491185979481866  1
6.913010844410174  6.53723898579816  12.683896722263501  0
7.2979251687016315  6.53723898579816  12.977210831379073  0
7.682839492993089  6.53723898579816  13.27632164350727  0
8.067753817284547  6.53723898579816  13.58084615673712  0
8.452668141576005  6.53723898579816  13.890428316893715  0
8.837582465867463  6.53723898579816  14.261925107241016  0
9.222496790158921  6.53723898579816  14.583497552754118  0
9.607411114450379  6.53723898579816  14.909154882648185  0
9.992325438741837  6.53723898579816  15.238635225690803  0
18.46044057315391  6.53723898579816  22.64209906677285  1
-12.717619694454179  6.922153310089618  14.668146494904738  1
-10.79304807299689  6.922153310089618  13.204290613437962  1
-10.408133748705431  6.922153310089618  12.921889218125859  1
1.139295980038305  6.922153310089618  9.89985194244807  1
1.5242103043297628  6.922153310089618  10.018218712729233  1
7.2979251687016315  6.922153310089618  13.414051680841492  0
7.682839492993089  6.922153310089618  13.706873933777983  0
8.067753817284547  6.922153310089618  14.005211676159139  0
8.452668141576005  6.922153310089618  14.362385439454517  0
8.837582465867463  6.922153310089618  14.673706488721873  0
9.222496790158921  6.922153310089618  14.989523436278464  0
9.607411114450379  6.922153310089618  15.309558068045355  0
18.075526248862452  6.922153310089618  22.579984005061377  1
18.46044057315391  6.922153310089618  22.735737933682028  1
-12.33270537016272  7.307067634381076  14.612368154424999  1
-11.947791045871263  7.307067634381076  14.31461363009123  1
-10.408133748705431  7.307067634381076  13.227918325821769  1
-10.023219424413973  7.307067634381076  12.962044571509367  1
-9.638305100122516  7.307067634381076  12.703437585293608  1
0.7543816557468471  7.307067634381076  10.29430759857999  1
1.139295980038305  7.307067634381076  10.407331198285352  1
1.5242103043297628  7.307067634381076  10.534387698141254  1
7.2979251687016315  7.307067634381076  13.857437267530742  0
7.682839492993089  7.307067634381076  14.14968683865794  0
8.067753817284547  7.307067634381076  14.486481821695673  0
8.452668141576005  7.307067634381076  14.787202529859552  0
8.837582465867463  7.307067634381076  15.09281830955938  0
9.222496790158921  7.307067634381076  15.403037810539642  0
18.075526248862452  7.307067634381076  22.685841672003235  1
18.46044057315391  7.307067634381076  23.042542424347143  1
-9.253390775831058  7.6919819586725335  12.802276962959464  1
-8.8684764515396  7.6919819586725335  12.56987745775617  1
0.7543816557468471  7.6919819586725335  10.825726460001118  1
7.2979251687016315  7.6919819586725335  14.349367904068629  0
7.682839492993089  7.6919819586725335  14.633612721352463  0
8.067753817284547  7.6919819586725335  14.923454154693001  0
8.452668141576005  7.6919819586725335  15.218572465037223  0
8.837582465867463  7.6919819586725335  15.518666626764306  0
18.075526248862452  7.6919819586725335  23.00423341099534  1
18.46044057315391  7.6919819586725335  23.35760554685978  1
-42.356022664896436  8.076896282963991  43.12012169641561  1
-8.098647802956684  8.076896282963991  12.52392510773994  1
-7.713733478665226  8.076896282963991  12.329597396035624  1
-7.328819154373768  8.076896282963991  12.15252005175103  1
-6.94390483008231  8.076896282963991  11.979279399090423  1
7.2979251687016315  8.076896282963991  14.803091106839638  0
7.682839492993089  8.076896282963991  15.081844433421864  0
8.067753817284547  8.076896282963991  15.36623429996753  0
17.690611924570995  8.076896282963991  22.98209103356769  1
18.075526248862452  8.076896282963991  23.33058271254695  1
18.46044057315391  8.076896282963991  23.680597653639577  1
-41.97110834060498  8.46181060725545  42.82070324633254  1
-6.558990505790852  8.46181060725545  12.257315465091914  1
-6.1740761814993945  8.46181060725545  12.11614574137413  1
7.2979251687016315  8.46181060725545  15.261683902657204  0
7.682839492993089  8.46181060725545  15.535178936192796  0
8.067753817284547  8.46181060725545  15.814334407623702  0
17.305697600279537  8.46181060725545  22.976161938948003  1
17.690611924570995  8.46181060725545  23.319524004541275  1
18.075526248862452  8.46181060725545  23.66456033154026  1
-66.22071077096683  8.846724931546907  67.13670608054356  1
-41.58619401631352  8.846724931546907  42.530883690385224  1
-3.4796759114591898  8.846724931546907  11.987439459058637  1
7.2979251687016315  8.846724931546907  15.724720232181575  0
16.92078327598808  8.846724931546907  22.986458536034775  1
17.305697600279537  8.846724931546907  23.324452010025105  1
17.690611924570995  8.846724931546907  23.664274335258163  1
18.075526248862452  8.846724931546907  24.148368170947784  1
7.682839492993089  9.231639255838365  16.50364931244981  0
16.92078327598808  9.231639255838365  23.345356444163404  1
17.305697600279537  9.231639255838365  23.679740092052405  1
17.690611924570995  9.231639255838365  24.156428406925976  1
18.075526248862452  9.231639255838365  24.497302686761323  1
-65.83579644667537  9.616553580129823  66.78564914699172  1
-39.66162239485623  9.616553580129823  40.843612376631185  1
8.067753817284547  9.616553580129823  17.23722782603139  0
16.53586895169662  9.616553580129823  23.382194257246105  1
16.92078327598808  9.616553580129823  23.710926597827296  1
17.305697600279537  9.616553580129823  24.179742212350053  1
17.690611924570995  9.616553580129823  24.515355894534373  1
18.075526248862452  9.616553580129823  24.852832103922687  1
-65.45088212238392  10.00146790442128  66.42434992783333  1
-40.04653671914769  10.00146790442128  41.32170405125203  1
-39.66162239485623  10.00146790442128  40.952320690541846  1
16.150954627405163  10.00146790442128  23.434890076659464  1
16.53586895169662  10.00146790442128  23.75777172722935  1
16.92078327598808  10.00146790442128  24.218264943257324  1
17.305697600279537  10.00146790442128  24.548422439239456  1
17.690611924570995  10.00146790442128  24.88058631610958  1
-65.45088212238392  10.386382228712739  66.45444855412711  1
-65.06596779809246  10.386382228712739  66.06374438542241  1
-40.04653671914769  10.386382228712739  41.43547674279644  1
8.837582465867463  10.386382228712739  18.639138730815688  0
16.150954627405163  10.386382228712739  23.949644296405168  1
16.53586895169662  10.386382228712739  24.271923512389087  1
16.92078327598808  10.386382228712739  24.596441144512845  1
17.305697600279537  10.386382228712739  24.923109796896625  1
17.690611924570995  10.386382228712739  25.480211292393587  1
-65.06596779809246  10.771296553004197  66.09925718932897  1
-39.66162239485623  10.771296553004197  41.19003989965001  1
9.222496790158921  10.771296553004197  19.369986613994143  0
15.766040303113705  10.771296553004197  24.02429711778465  1
16.150954627405163  10.771296553004197  24.340617079034587  1
16.53586895169662  10.771296553004197  24.6593239659721  1
16.92078327598808  10.771296553004197  24.980326468966  1
17.305697600279537  10.771296553004197  25.52565578148182  1
17.690611924570995  10.771296553004197  25.856473572059247  1
-39.66162239485623  11.156210877295655  41.3189339964416  1
9.222496790158921  11.156210877295655  19.83337608560612  0
15.381125978822247  11.156210877295655  24.114013378714983  1
15.766040303113705  11.156210877295655  24.42421798682978  1
16.150954627405163  11.156210877295655  24.736956791876974  1
16.53586895169662  11.156210877295655  25.052134944970327  1
16.92078327598808  11.156210877295655  25.585197649393837  1
17.305697600279537  11.156210877295655  25.910595851264002  1
-39.66162239485623  11.541125201587112  41.454435639849166  1
14.99621165453079  11.541125201587112  24.21862479225877  1
15.381125978822247  11.541125201587112  24.52257292940736  1
15.766040303113705  11.541125201587112  24.829200463689528  1
16.150954627405163  11.541125201587112  25.341249614216636  1
16.53586895169662  11.541125201587112  25.658735922475778  1
16.92078327598808  11.541125201587112  25.978566965661912  1
17.305697600279537  11.541125201587112  26.300657399557565  1
52.332901110802204  11.541125201587112  58.05698362913174  0
52.71781543509366  11.541125201587112  58.446822069974644  0
53.10272975938512  11.541125201587112  58.82540187185505  0
53.48764408367658  11.541125201587112  59.204175573587946  0
-39.27670807056477  11.92603952587857  41.236772712915624  1
14.611297330239331  11.92603952587857  24.337938377074096  1
14.99621165453079  11.92603952587857  24.63550431954792  1
15.381125978822247  11.92603952587857  24.935891995583923  1
15.766040303113705  11.92603952587857  25.434497515860762  1
16.150954627405163  11.92603952587857  25.746147740824284  1
16.53586895169662  11.92603952587857  26.06027573607321  1
16.92078327598808  11.92603952587857  26.376793196046517  1
50.408329489344915  11.92603952587857  56.386849806868355  0
50.79324381363637  11.92603952587857  56.76310145564105  0
51.56307246221929  11.92603952587857  57.5162915688264  0
51.94798678651075  11.92603952587857  57.89322109777622  0
52.332901110802204  11.92603952587857  58.291867639707405  0
52.71781543509366  11.92603952587857  58.66933139535274  0
53.10272975938512  11.92603952587857  59.04700385698994  0
53.48764408367658  11.92603952587857  59.42488104535116  0
53.872558407968036  11.92603952587857  59.80295907961376  0
73.88810327112384  11.92603952587857  79.49907246213203  0
74.2730175954153  11.92603952587857  79.88343728766122  0
-39.27670807056477  12.310953850170028  41.38727783873296  1
14.611297330239331  12.310953850170028  24.76281183413115  1
14.99621165453079  12.310953850170028  25.05684596859038  1
15.381125978822247  12.310953850170028  25.54159701945759  1
15.766040303113705  12.310953850170028  25.847289364958517  1
16.150954627405163  12.310953850170028  26.155590529490997  1
16.53586895169662  12.310953850170028  26.466409587290777  1
16.92078327598808  12.310953850170028  27.336347670966234  1
50.02341516505346  12.310953850170028  56.24400012455587  0
50.408329489344915  12.310953850170028  56.61900702537324  0
50.79324381363637  12.310953850170028  56.9942613682215  0
51.17815813792783  12.310953850170028  57.36975829756187  0
51.56307246221929  12.310953850170028  57.74549308105195  0
51.94798678651075  12.310953850170028  58.13143601140206  0
52.332901110802204  12.310953850170028  58.519392478099874  0
52.71781543509366  12.310953850170028  58.89591863840556  0
53.10272975938512  12.310953850170028  59.27266463703714  0
53.48764408367658  12.310953850170028  59.64962630850952  0
53.872558407968036  12.310953850170028  60.0387366821445  0
-39.27670807056477  12.695868174461486  41.544230881410925  1
14.226383005947874  12.695868174461486  24.90427410481002  1
14.611297330239331  12.695868174461486  25.191856072539856  1
14.99621165453079  12.695868174461486  25.66237161050107  1
15.381125978822247  12.695868174461486  25.96199732414351  1
15.766040303113705  12.695868174461486  26.264360293624122  1
16.150954627405163  12.695868174461486  27.095940771312712  1
49.25358651647054  12.695868174461486  55.675951669598575  0
49.638500840762  12.695868174461486  56.09783720049368  0
50.02341516505346  12.695868174461486  56.481334502274265  0
50.408329489344915  12.695868174461486  56.85531259552178  0
50.79324381363637  12.695868174461486  57.22955057793939  0
51.17815813792783  12.695868174461486  57.60404338423696  0
51.56307246221929  12.695868174461486  57.97878607658906  0
51.94798678651075  12.695868174461486  58.37563236721894  0
52.332901110802204  12.695868174461486  58.75096687437644  0
52.71781543509366  12.695868174461486  59.12653691645362  0
53.10272975938512  12.695868174461486  59.50233803346471  0
53.48764408367658  12.695868174461486  59.87836587467885  0
14.226383005947874  13.080782498752944  25.506123613500854  1
15.381125978822247  13.080782498752944  26.38641571273019  1
49.638500840762  13.080782498752944  56.35013095566943  0
50.02341516505346  13.080782498752944  56.722784070461486  0
50.408329489344915  13.080782498752944  57.095715010227444  0
50.79324381363637  13.080782498752944  57.468918366329234  0
51.17815813792783  13.080782498752944  57.84238886581614  0
51.56307246221929  13.080782498752944  58.226256558694246  0
51.94798678651075  13.080782498752944  58.6121940702394  0
52.332901110802204  13.080782498752944  58.98654313427108  0
52.71781543509366  13.080782498752944  59.361139247763944  0
53.10272975938512  13.080782498752944  59.73597776307827  0
-38.891793746273315  13.465696823044402  41.5263846664015  1
49.638500840762  13.465696823044402  56.596720894591286  0
50.02341516505346  13.465696823044402  56.96829650473373  0
50.408329489344915  13.465696823044402  57.34016274064911  0
50.79324381363637  13.465696823044402  57.712313984442254  0
51.17815813792783  13.465696823044402  58.09493095804882  0
51.56307246221929  13.465696823044402  58.47964421424284  0
51.94798678651075  13.465696823044402  58.852727063177305  0
52.332901110802204  13.465696823044402  59.22607350465461  0
52.71781543509366  13.465696823044402  59.59967858505722  0
53.10272975938512  13.465696823044402  59.973537470812516  0
-38.891793746273315  13.85061114733586  41.70440512822917  1
50.02341516505346  13.85061114733586  57.21781950581415  0
50.408329489344915  13.85061114733586  57.58860427307211  0
50.79324381363637  13.85061114733586  57.95968668896508  0
51.17815813792783  13.85061114733586  58.35335971276873  0
51.56307246221929  13.85061114733586  58.725130934381596  0
51.94798678651075  13.85061114733586  59.09718285511032  0
52.332901110802204  13.85061114733586  59.46951020664294  0
52.71781543509366  13.85061114733586  59.842107847929526  0
50.408329489344915  14.235525471627318  57.84098814438717  0
50.79324381363637  14.235525471627318  58.221315710950385  0
51.17815813792783  14.235525471627318  58.603795375351055  0
51.56307246221929  14.235525471627318  58.974507786752696  0
12.686725708782042  15.005354120210233  27.027314612950416  1
-35.81247915194165  15.390268444501691  39.60074553050383  1
-35.427564827650194  15.390268444501691  39.26828146165694  1
-37.73705077339894  15.77518276879315  41.67928194495016  1
-37.35213644910748  15.77518276879315  41.345863071528136  1
-36.967222124816026  15.77518276879315  41.01348758398065  1
-36.58230780052457  15.77518276879315  40.68218105656427  1
-36.19739347623311  15.77518276879315  40.35196981985267  1
-35.81247915194165  15.77518276879315  39.819257547402984  1
-35.427564827650194  15.77518276879315  39.48945348048396  1
-37.73705077339894  16.16009709308461  41.90032950167077  1
-37.35213644910748  16.16009709308461  41.56937410139035  1
-36.967222124816026  16.16009709308461  41.23949605825247  1
-36.58230780052457  16.16009709308461  40.91072143438363  1
-35.427564827650194  16.16009709308461  39.71666528549723  1
-35.042650503358736  16.545011417376067  39.62666021106776  1
-33.88790753048436  17.314840065958983  39.17133139566846  1
-33.11807888190145  17.69975439025044  38.81648020979084  1
-32.73316455760999  17.69975439025044  38.51059761332624  1
71.96353164966655  18.854497363124814  81.25325133277671  0
72.34844597395801  18.854497363124814  81.62479007231694  0
72.73336029824947  18.854497363124814  81.904428397932  0
73.11827462254092  18.854497363124814  82.27604270299827  0
33.47209922052077  19.239411687416272  45.917709235362665  0
75.42776056828967  19.239411687416272  84.60958496382331  0
33.47209922052077  19.62432601170773  46.30820866712668  0
75.42776056828967  19.62432601170773  84.84661076919227  0
75.81267489258113  19.62432601170773  85.21765534435929  0
76.19758921687259  19.62432601170773  85.58888432215795  0
76.58250354116404  19.62432601170773  85.96029531349905  0
33.47209922052077  20.009240335999188  46.67972322001252  0
73.88810327112384  20.009240335999188  83.6868802483063  0
74.2730175954153  20.009240335999188  84.00079744344418  0
75.04284624399821  20.009240335999188  84.71626384481935  0
75.42776056828967  20.009240335999188  85.08639662604585  0
75.81267489258113  20.009240335999188  85.45672200321775  0
76.19758921687259  20.009240335999188  85.82723748330935  0
76.58250354116404  20.009240335999188  86.17326403759861  0
76.9674178654555  20.009240335999188  86.55644520742976  0
33.857013544812226  20.394154660290646  47.3668686064262  0
74.2730175954153  20.394154660290646  84.24571072911321  0
74.65793191970675  20.394154660290646  84.59032020381946  0
75.04284624399821  20.394154660290646  84.95951924753412  0
75.42776056828967  20.394154660290646  85.32891926604037  0
75.81267489258113  20.394154660290646  85.69851766045674  0
76.19758921687259  20.394154660290646  86.04353452152796  0
76.58250354116404  20.394154660290646  86.42586503348366  0
76.9674178654555  20.394154660290646  86.79600452045021  0
33.857013544812226  20.779068984582103  47.74290548938626  0
35.781585166269515  20.779068984582103  49.43788932939414  1
36.16649949056097  20.779068984582103  49.75608186730135  1
75.04284624399821  20.779068984582103  85.20549572792483  0
75.42776056828967  20.779068984582103  85.5741554205344  0
75.81267489258113  20.779068984582103  85.94301928245915  0
76.19758921687259  20.779068984582103  86.29960161011266  0
76.58250354116404  20.779068984582103  86.66882673577723  0
76.9674178654555  20.779068984582103  87.03824839162289  0
77.35233218974696  20.779068984582103  87.40786408579697  0
33.47209922052077  21.16398330887356  47.813543730343255  0
33.857013544812226  21.16398330887356  48.24285013060962  0
35.781585166269515  21.16398330887356  49.80821969514978  1
36.16649949056097  21.16398330887356  50.26382986730316  1
76.58250354116404  21.16398330887356  86.91445793035615  0
76.9674178654555  21.16398330887356  87.2831544689511  0
35.0117565176866  21.54889763316502  49.55575644224139  1
35.781585166269515  21.54889763316502  50.320218344747204  1
36.16649949056097  21.54889763316502  50.635969628002144  1
-28.88402131469541  21.933811957456477  39.20807415222459  1
35.781585166269515  21.933811957456477  50.697125531837656  1
36.16649949056097  21.933811957456477  51.01109487499144  1
-28.499106990403952  22.318726281747935  39.32126823894774  1
35.781585166269515  22.318726281747935  51.07694443701787  1
36.16649949056097  22.318726281747935  51.38914022864945  1
-28.499106990403952  22.703640606039393  39.688085265267205  1
35.39667084197806  22.703640606039393  51.150300356405324  1
35.781585166269515  22.703640606039393  51.45961058669396  1
36.16649949056097  22.703640606039393  51.77004171747392  1
-28.114192666112494  23.08855493033085  39.887473505334505  1
35.39667084197806  23.08855493033085  51.53751867153157  1
35.781585166269515  23.08855493033085  51.84506093451562  1
36.16649949056097  23.08855493033085  52.290535683999  1
-28.114192666112494  23.47346925462231  40.26589899605378  1
35.39667084197806  23.47346925462231  51.92744927208434  1
35.781585166269515  23.47346925462231  52.369184227981144  1
36.16649949056097  23.47346925462231  52.67734065536318  1
35.781585166269515  23.858383578913767  52.76036274010766  1
36.16649949056097  23.858383578913767  53.06679731579468  1
-31.193507260444157  24.243297903205224  43.462387161554965  0
34.62684219339514  24.243297903205224  52.246994144797206  1
35.0117565176866  24.243297903205224  52.54817749370902  1
35.39667084197806  24.243297903205224  52.85056112968442  1
35.781585166269515  24.243297903205224  53.154124568214556  1
36.16649949056097  24.243297903205224  53.45884771104306  1
-30.8085929361527  24.628212227496682  43.593478192551586  0
35.0117565176866  24.628212227496682  52.947899147546586  1
35.39667084197806  24.628212227496682  53.24856070442158  1
35.781585166269515  24.628212227496682  53.55041272585883  1
-30.8085929361527  25.01312655178814  43.973760404274316  0
35.39667084197806  25.01312655178814  53.649019420310346  1
35.781585166269515  25.01312655178814  53.94917154068602  1
-30.42367861186124  25.398040876079598  44.19606332594183  0
35.781585166269515  25.398040876079598  54.46893978300146  1
-30.42367861186124  25.782955200371056  44.610754111594844  0
33.47209922052077  26.552783848953972  53.82596643230094  1
33.08718489622931  26.93769817324543  53.96217731746955  1
33.47209922052077  26.93769817324543  54.3583232584088  1
32.317356247646394  27.322612497536888  53.82556323925559  1
32.70227057193785  27.322612497536888  54.21485775186672  1
33.08718489622931  27.322612497536888  54.497120233900546  1
32.317356247646394  27.707526821828345  54.36338060168721  1
32.70227057193785  27.707526821828345  54.642598240782306  1
33.08718489622931  27.707526821828345  54.9232102236201  1
34.241927869103684  27.707526821828345  55.773201251673164  1
33.47209922052077  28.47735547041126  56.103574195003425  1
32.317356247646394  28.86226979470272  55.662950718895246  1
32.70227057193785  28.86226979470272  55.93729500943998  1
33.08718489622931  28.86226979470272  56.26476747158615  1
32.70227057193785  29.247184118994177  56.42364529546542  1
33.08718489622931  29.247184118994177  56.69842083023928  1
32.317356247646394  29.632098443285635  56.58885366515243  1
32.70227057193785  29.632098443285635  56.8606461990576  1
33.08718489622931  29.632098443285635  57.13385405384794  1
32.70227057193785  30.017012767577093  57.29937095912772  1
33.08718489622931  30.017012767577093  57.5710267568825  1
33.47209922052077  30.017012767577093  57.844081782021796  1
32.70227057193785  30.40192709186855  57.739780280496845  1
33.08718489622931  30.40192709186855  58.018490170034035  1
32.70227057193785  30.78684141616001  58.190317769467214  1
33.08718489622931  30.78684141616001  58.46902646782904  1
32.70227057193785  31.171755740451466  58.643853838876566  1
34.241927869103684  31.171755740451466  59.721511079215205  1
32.70227057193785  31.556670064742924  59.08907744224268  1
32.70227057193785  31.941584389034382  59.53583712733048  1
-56.982766987971836  33.86615601049167  69.16331349767674  1
28.853127329023273  34.63598465907459  60.3033821055377  1
27.6983843561489  35.020898983366045  60.016564737956735  1
28.083298680440357  35.020898983366045  60.30170500716804  1
28.468213004731815  35.020898983366045  60.537351941320004  1
29.23804165331473  35.020898983366045  61.01354108499639  1
28.083298680440357  35.4058133076575  60.77670553302136  1
28.468213004731815  35.4058133076575  61.01103040520975  1
29.23804165331473  35.4058133076575  61.48456823818758  1
28.083298680440357  35.79072763194896  61.252747103970215  1
28.468213004731815  35.79072763194896  61.485766367654755  1
28.853127329023273  35.79072763194896  61.720418610846515  1
29.23804165331473  35.79072763194896  61.95668527969332  1
28.083298680440357  36.17564195624042  61.72980563525208  1
28.468213004731815  36.17564195624042  61.96153552158408  1
28.853127329023273  36.17564195624042  62.30442670318466  1
29.23804165331473  36.17564195624042  62.54124197732493  1
60.80101624521428  36.17564195624042  84.9490314627739  0
28.468213004731815  36.56055628053188  62.54567604868212  1
28.853127329023273  36.56055628053188  62.77961822608857  1
29.23804165331473  36.56055628053188  63.015161188825346  1
61.570844893797194  36.56055628053188  85.95375852460303  0
61.95575921808865  36.56055628053188  86.25706692777604  0
62.34067354238011  36.56055628053188  86.5739153176769  0
28.468213004731815  36.945470604823335  63.02311882679035  1
28.853127329023273  36.945470604823335  63.25580679040577  1
29.23804165331473  36.945470604823335  63.49009278263729  1
62.72558786667157  36.945470604823335  87.26189059225695  0
28.853127329023273  37.33038492911479  63.7329700474977  1
29.23804165331473  37.33038492911479  63.96601420861137  1
28.853127329023273  37.71529925340625  64.27226308886063  1
29.23804165331473  37.71529925340625  64.50514805874715  1
29.23804165331473  38.10021357769771  64.98279190907357  1
52.71781543509366  38.10021357769771  80.68941565009905  0
53.10272975938512  38.10021357769771  80.98623050330843  0
53.48764408367658  38.10021357769771  81.28385517438628  0
53.872558407968036  38.10021357769771  81.58228080034539  0
53.10272975938512  38.485127901989166  81.39093479055151  0
53.48764408367658  38.485127901989166  81.68743562849968  0
53.10272975938512  38.870042226280624  81.79718887758563  0
55.02730138084241  39.25495655057208  83.53684976688407  0
27.31347003185744  39.63987087486354  65.78334886092142  1
27.6983843561489  39.63987087486354  66.00395311099577  1
27.6983843561489  40.024785199155  66.50850843315519  1
28.083298680440357  40.024785199155  66.72995883164685  1
28.468213004731815  40.024785199155  66.95300678546349  1
73.11827462254092  44.64375709065249  102.64808488879775  0
71.57861732537509  45.02867141494395  101.86077770268312  0
71.96353164966655  45.02867141494395  102.16272030241905  0
72.34844597395801  45.02867141494395  102.4067536165204  0
72.73336029824947  45.02867141494395  102.71564950710467  0
71.57861732537509  45.41358573923541  102.2368550465976  0
71.96353164966655  45.41358573923541  102.47956892010254  0
72.34844597395801  45.41358573923541  102.78700601864432  0
72.73336029824947  45.41358573923541  103.09500587225077  0
71.96353164966655  45.798500063526866  102.86214653194077  0
74.2730175954153  45.798500063526866  104.53648765044429  0
72.73336029824947  46.183414387818324  103.85799466476927  0
73.11827462254092  46.183414387818324  104.09930242803406  0
73.50318894683238  46.183414387818324  104.4063722662894  0
73.88810327112384  46.183414387818324  104.60706912603396  0
72.73336029824947  46.56832871210978  104.17627705809379  0
73.11827462254092  46.56832871210978  104.37562995382223  0
73.50318894683238  46.56832871210978  104.68138270871313  0
73.88810327112384  46.56832871210978  104.98769565564297  0
72.73336029824947  46.95324303640124  104.45512046716789  0
73.11827462254092  46.95324303640124  104.7594204559741  0
-49.28448050214268  48.10798600927561  77.97859418269337  0
-45.05042293493664  50.0325576307329  77.98073173725392  1
-45.4353372592281  50.41747195502436  78.8036238265079  1
-45.05042293493664  50.41747195502436  78.62251300395222  1
-45.4353372592281  50.80238627931582  79.2419659577088  1
-45.05042293493664  50.80238627931582  79.06223483958686  1
-44.66550861064518  50.80238627931582  78.88405120183546  1
-44.280594286353725  50.80238627931582  78.70742555433324  1
-43.89567996206227  50.80238627931582  78.53236840919496  1
-43.51076563777081  50.80238627931582  78.15561825306219  1
-45.82025158351956  51.18730060360728  79.861436066674  1
-45.4353372592281  51.18730060360728  79.68153750110642  1
-45.05042293493664  51.18730060360728  79.50317360738401  1
-44.66550861064518  51.18730060360728  79.3263547375345  1
-44.280594286353725  51.18730060360728  79.1510912460119  1
-43.89567996206227  51.18730060360728  78.97739348769123  1
-43.51076563777081  51.18730060360728  78.80527181582255  1
-43.12585131347935  51.18730060360728  78.63473657994462  1
57.721701650882615  51.18730060360728  97.98488133634189  0
-60.0620815823035  51.572214927898735  88.35517798491983  1
-46.97499455639393  51.572214927898735  81.06524099556466  1
-46.59008023210247  51.572214927898735  80.88160392794592  1
-46.205165907811015  51.572214927898735  80.69945637378339  1
-45.82025158351956  51.572214927898735  80.51880844168215  1
-45.4353372592281  51.572214927898735  80.3396702475643  1
-45.05042293493664  51.572214927898735  79.99337876700203  1
-44.66550861064518  51.572214927898735  79.76984259050545  1
-44.280594286353725  51.572214927898735  79.59592868050717  1
-43.89567996206227  51.572214927898735  79.42357764097773  1
-43.51076563777081  51.572214927898735  79.25279966820631  1
-43.12585131347935  51.572214927898735  79.08360495308614  1
57.33678732659116  51.572214927898735  98.15370924631343  0
57.721701650882615  51.572214927898735  98.43310944646632  0
-47.35990888068539  51.95712925219019  81.68672102569761  1
-46.97499455639393  51.95712925219019  81.50294714937347  1
-46.59008023210247  51.95712925219019  81.32065079004259  1
-46.205165907811015  51.95712925219019  81.1398419062783  1
-45.82025158351956  51.95712925219019  80.9605304639909  1
-45.4353372592281  51.95712925219019  80.7827264346686  1
-45.05042293493664  51.95712925219019  80.6064397935809  1
-44.66550861064518  51.95712925219019  80.43168051794461  1
-44.280594286353725  51.95712925219019  80.08993245271961  1
-43.89567996206227  51.95712925219019  79.87090144415932  1
-43.51076563777081  51.95712925219019  79.70145452596952  1
-43.12585131347935  51.95712925219019  79.53358760154688  1
58.10661597517407  51.95712925219019  99.13594501601611  0
-46.59008023210247  52.34204357648165  81.76089372429715  1
-46.205165907811015  52.34204357648165  81.58141171153292  1
-45.82025158351956  52.34204357648165  81.40342486572982  1
-45.4353372592281  52.34204357648165  81.22694301563203  1
-45.05042293493664  52.34204357648165  81.05197599211402  1
-44.66550861064518  52.34204357648165  80.87853362636852  1
-44.280594286353725  52.34204357648165  80.70662574805849  1
-43.89567996206227  52.34204357648165  80.53626218343382  1
-43.51076563777081  52.34204357648165  80.36745275341272  1
-43.12585131347935  52.34204357648165  80.03244434683393  1
57.721701650882615  52.34204357648165  99.3068488371954  0
58.49153029946553  52.34204357648165  99.83879208732556  0
58.87644462375699  52.34204357648165  100.11915509174968  0
-65.83579644667537  52.72695790077311  93.02904626932806  1
-65.45088212238392  52.72695790077311  92.78804205042915  1
-65.06596779809246  52.72695790077311  92.54806904725777  1
-64.681053473801  52.72695790077311  92.309135302269  1
-64.29613914950954  52.72695790077311  92.04109687970349  1
-63.91122482521808  52.72695790077311  91.81523842700221  1
-63.52631050092662  52.72695790077311  91.57948643339611  1
-63.14139617663516  52.72695790077311  91.3448070220071  1
-46.205165907811015  52.72695790077311  82.02414666325345  1
-45.82025158351956  52.72695790077311  81.8474726148927  1
-45.4353372592281  52.72695790077311  81.6723010562578  1
-45.05042293493664  52.72695790077311  81.49864167559359  1
-44.66550861064518  52.72695790077311  81.32650415990051  1
-44.280594286353725  52.72695790077311  81.15589819311066  1
-43.89567996206227  52.72695790077311  80.98683345422961  1
-43.51076563777081  52.72695790077311  80.81931961544427  1
-43.12585131347935  52.72695790077311  80.65336634019746  1
-42.740936989187894  52.72695790077311  80.48898328122895  1
58.87644462375699  52.72695790077311  100.54955340577385  0
-65.83579644667537  53.111872225064566  93.40740346654815  1
-65.45088212238392  53.111872225064566  93.16767493930479  1
-65.06596779809246  53.111872225064566  92.92898000022572  1
-63.91122482521808  53.111872225064566  92.18885645630935  1
-63.52631050092662  53.111872225064566  91.96541154413106  1
-63.14139617663516  53.111872225064566  91.73202197877563  1
-45.4353372592281  53.111872225064566  82.27508410325467  1
-45.05042293493664  53.111872225064566  81.94641837454252  1
-44.66550861064518  53.111872225064566  81.77557375460162  1
-44.280594286353725  53.111872225064566  81.60625766524338  1
-43.89567996206227  53.111872225064566  81.43847964019429  1
-43.51076563777081  53.111872225064566  81.27224920494103  1
-43.12585131347935  53.111872225064566  81.10757587483337  1
-42.740936989187894  53.111872225064566  80.94446915315496  1
-44.66550861064518  53.496786549356024  82.38177449643462  1
-44.280594286353725  53.496786549356024  82.08654429039642  1
-43.89567996206227  53.496786549356024  81.89118295619848  1
-43.51076563777081  53.496786549356024  81.72622385286832  1
-43.12585131347935  53.496786549356024  81.56281832591492  1
-42.740936989187894  53.496786549356024  81.40097573131892  1
-68.14528239242412  55.036443846521856  97.1487288686532  0
-67.76036806813266  55.036443846521856  96.90887438794628  0
-67.3754537438412  55.036443846521856  96.67000613649358  0
-66.99053941954975  55.036443846521856  96.43213144320427  0
-68.14528239242412  55.42135817081331  97.53132419462332  0
-67.76036806813266  55.42135817081331  97.2926799522241  0
-67.3754537438412  55.42135817081331  97.05502399348734  0
-66.99053941954975  55.42135817081331  96.81836359616591  0
-66.60562509525829  55.42135817081331  96.58270607870682  0
-66.22071077096683  55.42135817081331  96.16144769043007  0
-68.53019671671558  55.80627249510477  98.1464503060548  0
-68.14528239242412  55.80627249510477  97.91540275758345  0
-67.76036806813266  55.80627249510477  97.67796286323532  0
-67.3754537438412  55.80627249510477  97.44151321699721  0
-66.99053941954975  55.80627249510477  97.20606104513587  0
-66.60562509525829  55.80627249510477  96.97161361346738  0
-66.22071077096683  55.80627249510477  96.73817822708662  0
-65.83579644667537  55.80627249510477  96.50576223008098  0
-68.53019671671558  56.19118681939623  98.69766407909854  0
-67.76036806813266  56.19118681939623  98.06470570820011  0
-67.3754537438412  56.19118681939623  97.82945636859445  0
-66.99053941954975  56.19118681939623  97.59520632752495  0
-66.60562509525829  56.19118681939623  97.36196279789473  0
-66.22071077096683  56.19118681939623  97.12973303074804  0
-65.83579644667537  56.19118681939623  96.89852431497312  0
-65.45088212238392  56.19118681939623  96.66834397698975  0
-65.06596779809246  56.19118681939623  96.43919938042053  0
-67.3754537438412  56.57610114368769  98.3787851348996  0
-66.99053941954975  56.57610114368769  97.98578219344778  0
-66.60562509525829  56.57610114368769  97.75373636173848  0
-66.22071077096683  56.57610114368769  97.52270592190217  0
-65.83579644667537  56.57610114368769  97.29269810741262  0
-65.45088212238392  56.57610114368769  97.0637201881358  0
-65.06596779809246  56.57610114368769  96.83577946999168  0
-64.681053473801  56.57610114368769  96.60888329459969  0
-64.29613914950954  56.57610114368769  96.38303903890812  0
-65.06596779809246  56.961015467979145  97.23374112835069  0
-64.681053473801  56.961015467979145  97.00804357692785  0
16.150954627405163  58.11575844085352  85.16377380088122  1
16.92078327598808  58.11575844085352  85.41576540645804  1
17.305697600279537  58.11575844085352  85.54417371408462  1
15.381125978822247  58.50067276514498  85.44869605244554  1
16.150954627405163  58.50067276514498  85.69332912957793  1
13.841468681656416  58.885587089436434  85.5111619700864  1
14.226383005947874  58.885587089436434  85.6257334661974  1
14.99621165453079  58.885587089436434  85.85977983237538  1
15.381125978822247  58.885587089436434  85.97924135484189  1
15.766040303113705  58.885587089436434  86.09764072023508  1
16.150954627405163  58.885587089436434  86.2200962970408  1
13.456554357364958  59.27050141372789  85.93087655282045  1
13.841468681656416  59.27050141372789  86.04195494586983  1
14.226383005947874  59.27050141372789  86.15590502972309  1
14.611297330239331  59.27050141372789  86.27245914659687  1
14.99621165453079  59.27050141372789  86.3897744951191  1
15.381125978822247  59.27050141372789  86.50870437731388  1
15.766040303113705  59.27050141372789  86.62924214359228  1
13.456554357364958  59.65541573801935  86.46301584752763  1
13.841468681656416  59.65541573801935  86.57507345743852  1
14.226383005947874  59.65541573801935  86.68875615948957  1
14.611297330239331  59.65541573801935  86.80405756878845  1
14.99621165453079  59.65541573801935  86.92097124364881  1
15.381125978822247  59.65541573801935  87.03949068716186  1
13.0716400330735  60.04033006231081  86.8857837995813  1
13.456554357364958  60.04033006231081  86.9958487342276  1
13.841468681656416  60.04033006231081  87.10753602942219  1
14.226383005947874  60.04033006231081  87.2208394528111  1
14.611297330239331  60.04033006231081  87.33575271443273  1
14.99621165453079  60.04033006231081  87.45226946825113  1
13.0716400330735  60.425244386602266  87.41905513774242  1
13.456554357364958  60.425244386602266  87.5287631188405  1
13.841468681656416  60.425244386602266  87.64008449710659  1
14.226383005947874  60.425244386602266  87.75301313238967  1
14.611297330239331  60.425244386602266  87.86754282768037  1
14.99621165453079  60.425244386602266  87.9836673306057  1
12.686725708782042  60.810158710893724  87.84465753090481  1
13.0716400330735  60.810158710893724  87.952402266626  1
13.456554357364958  60.810158710893724  88.06229488870618  1
13.841468681656416  60.810158710893724  88.17337121328737  1
14.226383005947874  60.810158710893724  88.28724373770864  1
14.611297330239331  60.810158710893724  88.40169715030238  1
12.686725708782042  61.19507303518518  88.37911647182185  1
13.0716400330735  61.19507303518518  88.48682462265604  1
13.456554357364958  61.19507303518518  88.5961343729494  1
13.841468681656416  61.19507303518518  88.70703980196248  1
14.226383005947874  61.19507303518518  88.81953493231381  1
12.686725708782042  61.57998735947664  88.91288836150596  1
13.0716400330735  61.57998735947664  89.02026080465203  1
13.456554357364958  61.57998735947664  89.12922607786444  1
13.841468681656416  61.57998735947664  89.23977834641964  1
12.301811384490584  61.9649016837681  89.34127729642681  1
12.686725708782042  61.9649016837681  89.44672810569065  1
13.0716400330735  61.9649016837681  89.5537687606602  1
13.456554357364958  61.9649016837681  89.66239356737253  1
12.301811384490584  62.349816008059555  89.87550295316797  1
12.686725708782042  62.349816008059555  89.98063449666844  1
13.0716400330735  62.349816008059555  90.08784146834088  1
13.456554357364958  62.349816008059555  90.19631626237745  1
27.31347003185744  62.349816008059555  95.05423960472883  0
12.301811384490584  62.73473033235101  90.40990150703365  1
12.686725708782042  62.73473033235101  90.51499729696135  1
13.0716400330735  62.73473033235101  90.6216656616202  1
-52.36379509647434  63.11964465664247  97.52733471267209  0
11.916897060199126  63.11964465664247  90.84098107208249  1
12.301811384490584  63.11964465664247  90.94419542872258  1
12.686725708782042  63.11964465664247  91.04897928410338  1
13.0716400330735  63.11964465664247  91.15532722576694  1
13.456554357364958  63.11964465664247  91.26323378588103  1
-52.7487094207658  63.50455898093393  98.14352386975101  0
-34.65773617906728  63.50455898093393  91.31943981768546  1
11.916897060199126  63.50455898093393  91.37563449961183  1
12.301811384490584  63.50455898093393  91.47854896962401  1
12.686725708782042  63.50455898093393  91.58302446102829  1
13.0716400330735  63.50455898093393  91.68905563768705  1
13.456554357364958  63.50455898093393  91.79663710884297  1
-35.427564827650194  63.88947330522539  92.011889208925  1
-35.042650503358736  63.88947330522539  91.91910660101186  1
-34.65773617906728  63.88947330522539  91.81791226060315  1
12.301811384490584  63.88947330522539  92.01293273220706  1
12.686725708782042  63.88947330522539  92.11719663121951  1
13.0716400330735  63.88947330522539  92.22300789733902  1
13.456554357364958  63.88947330522539  92.32964276769478  1
-35.81247915194165  64.27438762951684  92.64011873959427  1
-35.427564827650194  64.27438762951684  92.53657627111994  1
-35.042650503358736  64.27438762951684  92.43457867538245  1
-34.65773617906728  64.27438762951684  92.33413107204052  1
12.301811384490584  64.27438762951684  92.54748499616093  1
12.686725708782042  64.27438762951684  92.65119099359478  1
13.0716400330735  64.27438762951684  92.75643613684798  1
13.456554357364958  64.27438762951684  92.8632151928168  1
-35.042650503358736  64.6593019538083  92.93317514412352  1
11.916897060199126  64.6593019538083  92.9801709425364  1
12.301811384490584  64.6593019538083  93.08204282493998  1
12.686725708782042  64.6593019538083  93.1854508133392  1
13.0716400330735  64.6593019538083  93.29038979963154  1
13.456554357364958  64.6593019538083  93.3968546232141  1
11.916897060199126  65.04421627809975  93.51507091198391  1
12.301811384490584  65.04421627809975  93.6166562585868  1
12.686725708782042  65.04421627809975  93.71976957538928  1
13.0716400330735  65.04421627809975  93.82440582465927  1
13.456554357364958  65.04421627809975  93.93055991687314  1
12.301811384490584  65.42913060239121  94.15157414085368  1
12.686725708782042  65.42913060239121  94.25354041867122  1
13.456554357364958  65.42913060239121  94.46157772532416  1
33.857013544812226  65.42913060239121  101.84258371700358  1
12.301811384490584  65.81404492668267  94.68671810996075  1
20.000097870319742  65.81404492668267  96.9516900463667  0
20.3850121946112  65.81404492668267  97.08013507179359  0
20.769926518902658  65.81404492668267  97.20998292270015  0
21.154840843194116  65.81404492668267  97.34122798528277  0
21.539755167485573  65.81404492668267  97.47386461573042  0
23.84924111323432  65.81404492668267  98.25984873275891  0
19.230269221736826  66.19895925097413  97.2281379195848  0
19.615183546028284  66.19895925097413  97.35334467742207  0
20.000097870319742  66.19895925097413  97.47995880171811  0
20.3850121946112  66.19895925097413  97.60797481575878  0
20.769926518902658  66.19895925097413  97.73738721104496  0
21.154840843194116  66.19895925097413  97.86819044828795  0
21.539755167485573  66.19895925097413  97.96632083515888  0
22.694498140359947  66.19895925097413  98.3703981699446  0
23.079412464651405  66.19895925097413  98.50683140531724  0
23.464326788942863  66.19895925097413  98.64462314419724  0
23.84924111323432  66.19895925097413  98.7837677017275  0
18.46044057315391  66.58387357526559  97.51199783084502  0
18.845354897445368  66.58387357526559  97.63397529271691  0
19.230269221736826  66.58387357526559  97.75736429272348  0
19.615183546028284  66.58387357526559  97.88215949282304  0
20.000097870319742  66.58387357526559  97.97999564080834  0
20.3850121946112  66.58387357526559  98.10622174767431  0
20.769926518902658  66.58387357526559  98.23383910650902  0
21.154840843194116  66.58387357526559  98.36569190895872  0
21.539755167485573  66.58387357526559  98.49619085944418  0
21.92466949177703  66.58387357526559  98.62806460259858  0
22.30958381606849  66.58387357526559  98.76130763123385  0
22.694498140359947  66.58387357526559  98.89591441081231  0
23.079412464651405  66.58387357526559  99.03187938039447  0
23.464326788942863  66.58387357526559  99.16919695358125  0
23.84924111323432  66.58387357526559  99.30786151945071  0
18.845354897445368  66.96878789955704  98.13971029410173  0
19.230269221736826  66.96878789955704  98.263580149256  0
20.3850121946112  66.96878789955704  98.63716848176554  0
21.539755167485573  66.96878789955704  99.02321963827447  0
21.92466949177703  66.96878789955704  99.15464784882508  0
22.694498140359947  66.96878789955704  99.42158844054583  0
23.079412464651405  66.96878789955704  99.55708987090628  0
-37.35213644910748  67.3537022238485  97.39675204074649  0
-37.73705077339894  67.73861654813996  98.00055334666104  0
-26.189621044655205  68.50844519672287  96.52016077950498  0
-25.804706720363747  68.50844519672287  96.46107855651991  0
-25.41979239607229  68.50844519672287  96.40354583820343  0
-26.574535368946663  68.89335952101433  97.0997261806926  0
-26.189621044655205  68.89335952101433  97.03968923457923  0
-25.804706720363747  68.89335952101433  96.9811913912038  0
-25.41979239607229  68.89335952101433  96.92423543706144  0
-26.574535368946663  69.27827384530579  97.61889128501247  0
-26.189621044655205  69.27827384530579  97.55944011541081  0
-25.804706720363747  69.27827384530579  97.50152055259062  0
-25.41979239607229  69.27827384530579  97.44513532738532  0
-26.95944969323812  69.66318816959725  98.31786129133923  0
-26.574535368946663  69.66318816959725  98.26738334536914  0
-26.189621044655205  69.66318816959725  98.07940988589334  0
-25.41979239607229  69.66318816959725  97.96624215471773  0
-26.95944969323812  70.0481024938887  98.83718004736575  0
-26.574535368946663  70.0481024938887  98.77640774449426  0
-26.189621044655205  70.0481024938887  98.71714409595121  0
16.92078327598808  70.0481024938887  101.81336779194879  0
-27.34436401752958  70.43301681818016  99.41841986518091  0
-26.95944969323812  70.43301681818016  99.35672186813548  0
-26.574535368946663  70.43301681818016  99.29652258079278  0
-27.34436401752958  70.81793114247162  99.93760698528628  0
-26.95944969323812  70.81793114247162  99.87648327260486  0
-26.574535368946663  70.81793114247162  99.8168511636357  0
