39.05743511709347  -86.93648550895689  93.91475677490234  0
38.55743511582745  -86.43648550769088  93.26142120361328  0
39.05743511709347  -86.43648550769088  93.4677734375  0
38.55743511582745  -85.93648550642486  92.81221771240234  0
39.05743511709347  -85.93648550642486  93.02140808105469  0
62.55743517659625  -68.43648546211428  93.39642333984375  1
62.55743517659625  -67.93648546084826  93.0665054321289  1
63.05743517786227  -67.93648546084826  93.45382690429688  1
63.05743517786227  -67.43648545958224  93.12724304199219  1
-12.94256501457226  -66.43648545705021  70.94554901123047  1
-12.94256501457226  -65.9364854557842  70.44792175292969  1
29.557435093039153  -64.43648545198614  69.851318359375  1
35.55743510823135  -62.43648544692208  70.92630004882812  1
37.0574351120294  -61.436485444390044  70.89964294433594  1
38.55743511582745  -60.93648544312403  71.3371810913086  1
-56.442565124715706  -58.93648543805996  92.86907196044922  1
-56.94256512598172  -58.436485436793944  92.94217681884766  1
-56.442565124715706  -58.436485436793944  92.51832580566406  1
-55.94256512344969  -58.436485436793944  92.07942962646484  1
-54.942565120917656  -58.436485436793944  91.20598602294922  1
-56.94256512598172  -57.93648543552793  92.59384155273438  1
-56.442565124715706  -57.93648543552793  92.15215301513672  1
-55.94256512344969  -57.93648543552793  91.71187591552734  1
-55.44256512218367  -57.93648543552793  91.27304077148438  1
-54.942565120917656  -57.93648543552793  90.83565521240234  1
-54.44256511965164  -57.93648543552793  90.39974212646484  1
-53.44256511711961  -57.93648543552793  89.5491943359375  1
-57.44256512724774  -57.43648543426191  92.67481994628906  1
-56.94256512598172  -57.43648543426191  92.23037719726562  1
-56.442565124715706  -57.43648543426191  91.78731536865234  1
-55.94256512344969  -57.43648543426191  91.34566497802734  1
-55.44256512218367  -57.43648543426191  90.90543365478516  1
-54.942565120917656  -57.43648543426191  90.46664428710938  1
-54.44256511965164  -57.43648543426191  90.04574584960938  1
-53.94256511838562  -57.43648543426191  89.60999298095703  1
-57.942565128513756  -56.936485432995894  92.76126098632812  1
-57.44256512724774  -56.936485432995894  92.3140869140625  1
-56.94256512598172  -56.936485432995894  91.86827087402344  1
-56.442565124715706  -56.936485432995894  91.42383575439453  1
-55.94256512344969  -56.936485432995894  90.98078918457031  1
-55.44256512218367  -56.936485432995894  90.53916931152344  1
-57.44256512724774  -56.43648543172988  91.9547348022461  1
-56.94256512598172  -56.43648543172988  91.5075454711914  1
-56.442565124715706  -56.43648543172988  91.06172943115234  1
-55.94256512344969  -56.43648543172988  90.61729431152344  1
-57.44256512724774  -55.93648543046386  91.5967788696289  1
-56.94256512598172  -55.93648543046386  91.14820861816406  1
-56.442565124715706  -55.93648543046386  90.70100402832031  1
-57.44256512724774  -55.436485429197845  91.24024200439453  1
-56.442565124715706  -55.436485429197845  90.34169006347656  1
-57.44256512724774  -54.93648542793183  90.88512420654297  1
-56.442565124715706  -54.93648542793183  89.99881744384766  1
-47.44256510192741  -54.93648542793183  82.32669067382812  0
-56.442565124715706  -54.43648542666581  89.64214324951172  1
-56.442565124715706  -53.936485425399795  89.28691864013672  1
49.0574351424138  -52.93648542286776  72.54896545410156  0
61.0574351727982  -52.93648542286776  82.4273910522461  0
60.05743517026617  -52.436485421601745  81.17615509033203  0
60.557435171532184  -52.436485421601745  81.7153091430664  0
61.0574351727982  -52.436485421601745  82.14932250976562  0
61.0574351727982  -51.43648541906971  81.59983825683594  0
61.55743517406422  -51.43648541906971  82.03926849365234  0
62.057435175330234  -51.43648541906971  82.48027801513672  0
60.557435171532184  -50.936485417803695  80.77979278564453  0
61.0574351727982  -50.936485417803695  81.2183837890625  0
61.55743517406422  -50.936485417803695  81.7697982788086  0
62.057435175330234  -50.936485417803695  82.21268463134766  0
62.55743517659625  -50.936485417803695  82.65711212158203  0
60.557435171532184  -50.43648541653768  80.50849914550781  0
61.0574351727982  -50.43648541653768  80.94900512695312  0
61.55743517406422  -50.43648541653768  81.50260162353516  0
62.057435175330234  -50.43648541653768  81.94737243652344  0
61.0574351727982  -49.93648541527166  80.68193817138672  0
61.55743517406422  -49.93648541527166  81.12593078613281  0
62.057435175330234  -49.93648541527166  81.68435668945312  0
62.55743517659625  -49.93648541527166  82.13251495361328  0
63.05743517786227  -49.93648541527166  82.5821533203125  0
26.557435085443053  -44.43648540134548  51.26961898803711  0
27.05743508670907  -44.43648540134548  51.55240249633789  0
27.557435087975087  -44.43648540134548  51.839935302734375  0
27.05743508670907  -43.93648540007946  51.146968841552734  0
27.557435087975087  -43.93648540007946  51.437408447265625  0
28.057435089241103  -43.93648540007946  51.732521057128906  0
27.557435087975087  -43.436485398813446  51.036720275878906  0
28.057435089241103  -43.436485398813446  51.33477783203125  0
28.55743509050712  -43.436485398813446  51.637428283691406  0
-51.94256511332156  -35.43648537855718  72.94705200195312  0
-51.44256511205554  -35.43648537855718  72.42141723632812  0
-50.94256511078952  -35.43648537855718  71.9278564453125  0
-50.44256510952351  -35.43648537855718  71.4354019165039  0
-51.94256511332156  -34.93648537729116  72.6144790649414  0
-51.44256511205554  -34.93648537729116  72.1182632446289  0
-50.94256511078952  -34.93648537729116  71.62310791015625  0
-50.44256510952351  -34.93648537729116  71.12905883789062  0
-49.94256510825749  -34.93648537729116  70.63611602783203  0
-52.44256511458757  -34.436485376025146  72.84182739257812  0
-51.94256511332156  -34.436485376025146  72.31521606445312  0
71.05743519811854  -34.436485376025146  83.99282836914062  0
-65.94256514877002  -33.93648537475913  86.32823944091797  1
-65.442565147504  -33.93648537475913  85.8060531616211  1
-52.44256511458757  -33.93648537475913  72.51866912841797  0
70.55743519685252  -33.93648537475913  83.32402801513672  0
-66.44256515003603  -33.43648537349311  86.59686279296875  1
-65.94256514877002  -33.43648537349311  86.07294464111328  1
-63.942565143705956  -33.43648537349311  83.99750518798828  1
-52.44256511458757  -33.43648537349311  72.22566986083984  0
-65.94256514877002  -32.9364853722271  85.81990051269531  1
-64.44256514497197  -32.9364853722271  84.2481918334961  1
-63.942565143705956  -32.9364853722271  83.73841857910156  1
-53.44256511711961  -32.9364853722271  72.96749114990234  0
69.05743519305447  -32.43648537096108  81.19583892822266  1
68.55743519178846  -31.936485369695067  80.53125  1
3.557435027206289  -24.436485350704817  24.871963500976562  0
4.057435028472306  -24.436485350704817  24.89116859436035  0
6.057435033536373  -23.9364853494388  24.60108184814453  0
6.557435034802389  -23.9364853494388  24.686649322509766  0
7.057435036068406  -23.9364853494388  24.784765243530273  0
-56.442565124715706  -22.936485346906768  70.95519256591797  0
-66.94256515130205  -21.936485344374734  81.93519592285156  1
-66.44256515003603  -21.936485344374734  81.3670883178711  1
-67.94256515383408  -21.436485343108718  82.83672332763672  1
-67.44256515256806  -21.436485343108718  82.28807830810547  1
-66.94256515130205  -21.436485343108718  81.73969268798828  1
-66.44256515003603  -21.436485343108718  81.1693344116211  1
-57.44256512724774  -21.436485343108718  71.37722778320312  0
-77.94256517915441  -20.9364853418427  93.76461029052734  0
-68.4425651551001  -20.9364853418427  83.19537353515625  1
-67.94256515383408  -20.9364853418427  82.64562225341797  1
-67.44256515256806  -20.9364853418427  82.09613037109375  1
-66.94256515130205  -20.9364853418427  81.5468978881836  1
-66.44256515003603  -20.9364853418427  80.97428894042969  1
-65.94256514877002  -20.9364853418427  80.42620849609375  1
-68.4425651551001  -20.436485340576684  83.00778198242188  1
-67.94256515383408  -20.436485340576684  82.45721435546875  1
-67.44256515256806  -20.436485340576684  81.90689849853516  1
-66.94256515130205  -20.436485340576684  81.33118438720703  1
-68.94256515636611  -19.936485339310668  83.37448120117188  1
-68.4425651551001  -19.936485339310668  82.82288360595703  1
-67.94256515383408  -19.936485339310668  82.27151489257812  1
-67.44256515256806  -19.936485339310668  81.72038269042969  1
-66.94256515130205  -19.936485339310668  81.14247131347656  1
-57.942565128513756  -19.936485339310668  71.29581451416016  0
-13.942565017104293  -19.936485339310668  27.311763763427734  1
-68.94256515636611  -19.43648533804465  83.19308471679688  1
-68.4425651551001  -19.43648533804465  82.64070129394531  1
-67.94256515383408  -19.43648533804465  82.08854675292969  1
-67.44256515256806  -19.43648533804465  81.53661346435547  1
-66.94256515130205  -19.43648533804465  80.9565200805664  1
-57.942565128513756  -19.43648533804465  71.09415435791016  0
-69.44256515763213  -18.936485336778635  83.56774139404297  1
-68.94256515636611  -18.936485336778635  83.01439666748047  1
-68.4425651551001  -18.936485336778635  82.46125030517578  1
-67.94256515383408  -18.936485336778635  81.90831756591797  1
-67.44256515256806  -18.936485336778635  81.32523345947266  1
-66.94256515130205  -18.936485336778635  80.77334594726562  1
-57.942565128513756  -18.936485336778635  70.89557647705078  0
-69.44256515763213  -18.436485335512618  83.39253234863281  1
-68.94256515636611  -18.436485335512618  82.83843994140625  1
-68.4425651551001  -18.436485335512618  82.28455352783203  1
-67.94256515383408  -18.436485335512618  81.73086547851562  1
-67.44256515256806  -18.436485335512618  81.14563751220703  1
-66.94256515130205  -18.436485335512618  80.59297180175781  1
-68.94256515636611  -17.9364853342466  82.66524505615234  1
-68.4425651551001  -17.9364853342466  82.1106185913086  1
-67.94256515383408  -17.9364853342466  81.55618286132812  1
-67.44256515256806  -17.9364853342466  80.96884155273438  1
-0.4425649829218437  -17.9364853342466  18.48744773864746  1
0.0574350183441729  -17.9364853342466  18.40400505065918  1
0.5574350196101895  -17.9364853342466  18.337574005126953  1
1.0574350208762062  -17.9364853342466  18.28833770751953  1
1.5574350221422228  -17.9364853342466  18.256437301635742  1
2.0574350234082392  -17.9364853342466  18.241962432861328  1
-68.4425651551001  -17.436485332980585  81.93946838378906  1
-67.94256515383408  -17.436485332980585  81.34923553466797  1
-67.44256515256806  -17.436485332980585  80.79486846923828  1
-0.9425649841878604  -17.436485332980585  18.07577896118164  1
-0.4425649829218437  -17.436485332980585  17.97488784790039  1
0.0574350183441729  -17.436485332980585  17.891250610351562  1
0.5574350196101895  -17.436485332980585  17.82511329650879  1
1.0574350208762062  -17.436485332980585  17.776670455932617  1
1.5574350221422228  -17.436485332980585  17.746065139770508  1
2.0574350234082392  -17.436485332980585  17.7333927154541  1
-67.94256515383408  -16.936485331714568  81.17882537841797  1
-0.9425649841878604  -16.936485331714568  17.563934326171875  1
-0.4425649829218437  -16.936485331714568  17.462337493896484  1
0.0574350183441729  -16.936485331714568  17.378498077392578  1
0.5574350196101895  -16.936485331714568  17.199329376220703  1
1.0574350208762062  -16.936485331714568  17.157306671142578  1
1.5574350221422228  -16.936485331714568  17.134002685546875  1
2.0574350234082392  -16.936485331714568  17.12949562072754  1
-1.442564985453877  -16.43648533044855  17.0440731048584  1
-0.9425649841878604  -16.43648533044855  16.927812576293945  1
-0.4425649829218437  -16.43648533044855  16.829914093017578  1
0.0574350183441729  -16.43648533044855  16.750696182250977  1
0.5574350196101895  -16.43648533044855  16.690425872802734  1
1.0574350208762062  -16.43648533044855  16.649309158325195  1
1.5574350221422228  -16.43648533044855  16.62748908996582  1
2.0574350234082392  -16.43648533044855  16.62504005432129  1
-1.442564985453877  -15.936485329182535  16.53724479675293  1
-0.9425649841878604  -15.936485329182535  16.419618606567383  1
-0.4425649829218437  -15.936485329182535  16.320907592773438  1
0.0574350183441729  -15.936485329182535  16.241453170776367  1
0.5574350196101895  -15.936485329182535  16.181543350219727  1
1.0574350208762062  -15.936485329182535  16.14139175415039  1
-1.442564985453877  -15.436485327916518  16.030567169189453  1
-79.94256518421848  -13.436485322852452  93.72125244140625  1
-79.44256518295246  -13.436485322852452  93.15743255615234  1
-78.94256518168645  -13.436485322852452  92.58389282226562  1
-78.44256518042043  -13.436485322852452  92.02032470703125  1
-77.94256517915441  -13.436485322852452  91.45682525634766  1
-77.4425651778884  -13.436485322852452  90.8934097290039  1
-79.94256518421848  -12.936485321586435  93.59022521972656  1
-79.44256518295246  -12.936485321586435  93.0259780883789  1
-78.94256518168645  -12.936485321586435  92.45177459716797  1
-78.44256518042043  -12.936485321586435  91.88776397705078  1
-80.4425651854845  -12.436485320320418  94.0264892578125  1
-79.94256518421848  -12.436485320320418  93.46176147460938  1
-79.44256518295246  -12.436485320320418  92.8867416381836  1
-78.94256518168645  -12.436485320320418  92.3222427368164  1
-78.44256518042043  -12.436485320320418  91.75782012939453  1
-77.94256517915441  -12.436485320320418  91.19345092773438  1
-80.94256518675051  -11.936485319054402  94.4661636352539  1
-80.4425651854845  -11.936485319054402  93.90099334716797  1
-79.94256518421848  -11.936485319054402  93.33587646484375  1
-79.44256518295246  -11.936485319054402  92.76022338867188  1
-78.94256518168645  -11.936485319054402  92.19532775878906  1
-78.44256518042043  -11.936485319054402  91.6304931640625  1
-80.94256518675051  -11.436485317788385  94.34361267089844  1
-80.4425651854845  -11.436485317788385  93.77806854248047  1
-79.94256518421848  -11.436485317788385  93.21257781982422  1
-79.44256518295246  -11.436485317788385  92.63630676269531  1
-80.94256518675051  -10.936485316522369  94.2236328125  1
-80.4425651854845  -10.936485316522369  93.65773010253906  1
-79.94256518421848  -10.936485316522369  93.09187316894531  1
11.557435047462555  -10.936485316522369  16.109657287597656  1
71.55743519938456  -9.936485313990335  80.63116455078125  1
72.05743520065057  -9.936485313990335  81.19471740722656  1
71.55743519938456  -9.436485312724319  80.63323211669922  1
72.05743520065057  -9.436485312724319  81.19721984863281  1
72.05743520065057  -8.936485311458302  81.2029037475586  1
48.557435141147785  -5.936485303862201  55.21265411376953  0
67.05743518799041  -5.936485303862201  75.52269744873047  1
67.55743518925642  -5.936485303862201  76.08809661865234  1
68.55743519178846  -5.936485303862201  77.2189712524414  1
69.05743519305447  -5.936485303862201  77.7844467163086  1
69.55743519432049  -5.936485303862201  78.34994506835938  1
48.557435141147785  -5.436485302596185  55.21567916870117  0
64.05743518039431  -5.436485302596185  72.32377624511719  1
64.55743518166032  -5.436485302596185  72.89047241210938  1
65.05743518292634  -5.436485302596185  73.3719482421875  1
65.55743518419236  -5.436485302596185  73.93811798095703  1
66.05743518545837  -5.436485302596185  74.50431060791016  1
66.55743518672439  -5.436485302596185  75.07052612304688  1
67.05743518799041  -5.436485302596185  75.54920959472656  1
67.55743518925642  -5.436485302596185  76.11489868164062  1
68.05743519052244  -5.436485302596185  76.68060302734375  1
68.55743519178846  -5.436485302596185  77.246337890625  1
69.05743519305447  -5.436485302596185  77.81208801269531  1
48.05743513988177  -4.936485301330168  54.653594970703125  0
48.557435141147785  -4.936485301330168  55.22330856323242  0
64.05743518039431  -4.936485301330168  72.35017395019531  1
64.55743518166032  -4.936485301330168  72.91716003417969  1
65.05743518292634  -4.936485301330168  73.39984893798828  1
65.55743518419236  -4.936485301330168  73.96630096435547  1
66.05743518545837  -4.936485301330168  74.53276824951172  1
66.55743518672439  -4.936485301330168  75.09925842285156  1
67.05743518799041  -4.936485301330168  75.57914733886719  1
67.55743518925642  -4.936485301330168  76.14509582519531  1
68.05743519052244  -4.936485301330168  76.71106719970703  1
68.55743519178846  -4.936485301330168  77.27705383300781  1
48.05743513988177  -4.4364853000641515  54.665382385253906  0
48.557435141147785  -4.4364853000641515  55.23554611206055  0
64.05743518039431  -4.4364853000641515  72.38014221191406  1
64.55743518166032  -4.4364853000641515  72.9473876953125  1
65.05743518292634  -4.4364853000641515  73.4312744140625  1
65.55743518419236  -4.4364853000641515  73.99798583984375  1
66.05743518545837  -4.4364853000641515  74.564697265625  1
66.55743518672439  -4.4364853000641515  75.13143157958984  1
67.05743518799041  -4.4364853000641515  75.61251068115234  1
67.55743518925642  -4.4364853000641515  76.17870330810547  1
48.05743513988177  -3.936485298798135  54.68181610107422  0
48.557435141147785  -3.936485298798135  55.25238800048828  0
63.557435179128284  -3.936485298798135  71.84620666503906  1
64.05743518039431  -3.936485298798135  72.41366577148438  1
64.55743518166032  -3.936485298798135  72.89930725097656  1
-0.9425649841878604  -3.4364852975321183  3.765944004058838  0
-0.4425649829218437  -3.4364852975321183  3.5810015201568604  0
0.0574350183441729  -3.4364852975321183  3.4811506271362305  0
0.5574350196101895  -3.4364852975321183  3.4737372398376465  0
1.0574350208762062  -3.4364852975321183  3.5593385696411133  0
1.5574350221422228  -3.4364852975321183  3.7315590381622314  0
2.0574350234082392  -3.4364852975321183  3.9791676998138428  0
2.557435024674256  -3.4364852975321183  4.289127826690674  0
48.05743513988177  -3.4364852975321183  54.70289993286133  0
48.557435141147785  -3.4364852975321183  55.27382278442383  0
63.557435179128284  -3.4364852975321183  71.8830795288086  1
64.05743518039431  -3.4364852975321183  72.45074462890625  1
-62.442565139907906  -2.9364852962661017  71.42039489746094  0
-1.442564985453877  -2.9364852962661017  3.569648265838623  0
-0.9425649841878604  -2.9364852962661017  3.2854630947113037  0
-0.4425649829218437  -2.9364852962661017  3.0821657180786133  0
0.0574350183441729  -2.9364852962661017  2.9763779640197754  0
0.5574350196101895  -2.9364852962661017  2.9785075187683105  0
1.0574350208762062  -2.9364852962661017  3.0883309841156006  0
1.5574350221422228  -2.9364852962661017  3.295098066329956  0
2.0574350234082392  -2.9364852962661017  3.5820600986480713  0
2.557435024674256  -2.9364852962661017  3.931696891784668  0
47.55743513861575  -2.9364852962661017  54.157413482666016  0
48.05743513988177  -2.9364852962661017  54.7286262512207  0
48.557435141147785  -2.9364852962661017  55.30412292480469  0
63.557435179128284  -2.9364852962661017  71.92353057861328  1
-62.94256514117392  -2.436485295000085  71.90592956542969  0
-62.442565139907906  -2.436485295000085  71.33793640136719  0
-1.9425649867198935  -2.436485295000085  3.512451171875  0
-1.442564985453877  -2.436485295000085  3.1304681301116943  0
-0.9425649841878604  -2.436485295000085  2.813570976257324  0
-0.4425649829218437  -2.436485295000085  2.5857021808624268  0
0.0574350183441729  -2.436485295000085  2.471663475036621  0
0.5574350196101895  -2.436485295000085  2.487161874771118  0
1.0574350208762062  -2.436485295000085  2.629908323287964  0
1.5574350221422228  -2.436485295000085  2.8810694217681885  0
2.0574350234082392  -2.436485295000085  3.215320587158203  0
2.557435024674256  -2.436485295000085  3.6096553802490234  0
3.0574350259402725  -2.436485295000085  4.046546459197998  0
47.55743513861575  -2.436485295000085  54.18750762939453  0
48.05743513988177  -2.436485295000085  54.75898361206055  0
-63.44256514243994  -1.9364852937340686  72.39525604248047  0
-1.9425649867198935  -1.9364852937340686  3.1369194984436035  0
-1.442564985453877  -1.9364852937340686  2.714259147644043  0
1.5574350221422228  -1.9364852937340686  2.5006155967712402  0
2.0574350234082392  -1.9364852937340686  2.8905303478240967  0
2.557435024674256  -1.9364852937340686  3.3332767486572266  0
3.0574350259402725  -1.9364852937340686  3.8104989528656006  0
47.55743513861575  -1.9364852937340686  54.2222785949707  0
48.05743513988177  -1.9364852937340686  54.793968200683594  0
-63.942565143705956  -1.436485292468052  72.88829040527344  0
2.0574350234082392  -1.436485292468052  2.6232802867889404  0
2.557435024674256  -1.436485292468052  3.1147396564483643  0
3.0574350259402725  -1.436485292468052  3.629739999771118  0
47.55743513861575  -1.436485292468052  54.261714935302734  0
-64.44256514497197  -0.9364852912020354  73.31324768066406  0
2.0574350234082392  -0.9364852912020354  2.432694673538208  0
3.0574350259402725  -0.9364852912020354  3.5128159523010254  0
47.55743513861575  -0.9364852912020354  54.305809020996094  0
-64.94256514623798  -0.43648528993601876  73.81183624267578  0
-64.44256514497197  -0.43648528993601876  73.24408721923828  0
-39.94256508293716  -0.43648528993601876  45.66838073730469  0
47.55743513861575  -0.43648528993601876  54.354549407958984  0
-65.442565147504  0.06351471132999786  74.31393432617188  0
-64.94256514623798  0.06351471132999786  73.74617004394531  0
47.057435137349735  0.06351471132999786  53.83586502075195  0
-65.442565147504  0.5635147125960145  74.251708984375  0
-64.94256514623798  0.5635147125960145  73.6839599609375  0
-2.942564989251927  0.5635147125960145  3.356506586074829  1
47.057435137349735  0.5635147125960145  53.893882751464844  0
-65.442565147504  1.0635147138620311  74.19293212890625  0
-3.4425649905179436  1.0635147138620311  3.968337059020996  1
-2.942564989251927  1.0635147138620311  3.4203951358795166  1
47.057435137349735  1.0635147138620311  53.95655822753906  0
-3.4425649905179436  1.5635147151280477  4.077520847320557  1
-2.942564989251927  1.5635147151280477  3.5555336475372314  1
-2.4425649879859104  1.5635147151280477  3.051403760910034  1
46.55743513608372  1.5635147151280477  53.452049255371094  0
59.057435167734134  1.5635147151280477  67.54081726074219  1
59.55743516900015  1.5635147151280477  68.11085510253906  1
-2.942564989251927  2.0635147163940646  3.7542357444763184  1
-2.4425649879859104  2.0635147163940646  3.290558099746704  1
-1.9425649867198935  2.0635147163940646  2.866124391555786  1
46.55743513608372  2.0635147163940646  53.52415466308594  0
58.55743516646812  2.0635147163940646  67.04381561279297  1
59.057435167734134  2.0635147163940646  67.61373138427734  1
59.55743516900015  2.0635147163940646  68.18365478515625  1
-2.942564989251927  2.563514717660081  4.007056713104248  1
-2.4425649879859104  2.563514717660081  3.585279703140259  1
-1.9425649867198935  2.563514717660081  3.2102272510528564  1
-1.442564985453877  2.563514717660081  2.9000842571258545  1
1.0574350208762062  2.563514717660081  2.9562060832977295  1
1.5574350221422228  2.563514717660081  3.281111001968384  1
2.0574350234082392  2.563514717660081  3.6668550968170166  1
57.05743516267007  2.563514717660081  65.44868469238281  1
57.557435163936084  2.563514717660081  66.018798828125  1
58.0574351652021  2.563514717660081  66.58892059326172  1
58.55743516646812  2.563514717660081  67.12059020996094  1
59.057435167734134  2.563514717660081  67.69036102294922  1
-2.4425649879859104  3.063514718926098  3.923064947128296  1
-1.9425649867198935  3.063514718926098  3.5924932956695557  1
-1.442564985453877  3.063514718926098  3.32793927192688  1
-0.9425649841878604  3.063514718926098  3.1461007595062256  1
-0.4425649829218437  3.063514718926098  3.0617518424987793  1
0.0574350183441729  3.063514718926098  3.082904100418091  1
0.5574350196101895  3.063514718926098  3.2074713706970215  1
1.0574350208762062  3.063514718926098  3.4241859912872314  1
1.5574350221422228  3.063514718926098  3.7169647216796875  1
46.0574351348177  3.063514718926098  53.11117935180664  0
56.057435160138034  3.063514718926098  64.38907623291016  1
56.55743516140405  3.063514718926098  64.958984375  1
57.05743516267007  3.063514718926098  65.52890014648438  1
57.557435163936084  3.063514718926098  66.09883880615234  1
58.0574351652021  3.063514718926098  66.63150024414062  1
58.55743516646812  3.063514718926098  67.20108795166016  1
59.057435167734134  3.063514718926098  67.77068328857422  1
-1.9425649867198935  3.5635147201921145  4.002025127410889  1
-1.442564985453877  3.5635147201921145  3.7748665809631348  1
-0.9425649841878604  3.5635147201921145  3.6244492530822754  1
-0.4425649829218437  3.5635147201921145  3.560512065887451  1
0.0574350183441729  3.5635147201921145  3.587681770324707  1
0.5574350196101895  3.5635147201921145  3.7039542198181152  1
1.0574350208762062  3.5635147201921145  3.9013710021972656  1
45.557435133551685  3.5635147201921145  52.626739501953125  0
46.0574351348177  3.5635147201921145  53.197505950927734  0
55.55743515887202  3.5635147201921145  63.93849182128906  1
56.057435160138034  3.5635147201921145  64.47354888916016  1
56.55743516140405  3.5635147201921145  65.04322814941406  1
57.05743516267007  3.5635147201921145  65.61293029785156  1
57.557435163936084  3.5635147201921145  66.1826400756836  1
58.0574351652021  3.5635147201921145  66.71593475341797  1
58.55743516646812  3.5635147201921145  67.28530883789062  1
-0.9425649841878604  4.063514721458131  4.1091437339782715  1
-0.4425649829218437  4.063514721458131  4.0607781410217285  1
0.0574350183441729  4.063514721458131  4.092477798461914  1
45.557435133551685  4.063514721458131  52.71808624267578  0
46.0574351348177  4.063514721458131  53.28846740722656  0
55.057435157606  4.063514721458131  63.45648956298828  1
55.55743515887202  4.063514721458131  64.0262451171875  1
56.057435160138034  4.063514721458131  64.56187438964844  1
56.55743516140405  4.063514721458131  65.13130187988281  1
57.05743516267007  4.063514721458131  65.70074462890625  1
57.557435163936084  4.063514721458131  66.27021026611328  1
45.05743513228567  4.563514722724148  52.16893005371094  0
45.557435133551685  4.563514722724148  52.814090728759766  0
54.05743515507397  4.563514722724148  62.40959167480469  1
54.557435156339984  4.563514722724148  62.97898864746094  1
55.057435157606  4.563514722724148  63.54841232299805  1
55.55743515887202  4.563514722724148  64.0849380493164  1
56.057435160138034  4.563514722724148  64.65404510498047  1
56.55743516140405  4.563514722724148  65.22318267822266  1
57.05743516267007  4.563514722724148  65.79234313964844  1
-9.442565005710144  5.063514723990164  11.347302436828613  1
45.05743513228567  5.063514723990164  52.34532165527344  0
54.05743515507397  5.063514723990164  62.50608444213867  1
54.557435156339984  5.063514723990164  63.07513427734375  1
55.057435157606  5.063514723990164  63.64421463012695  1
55.55743515887202  5.063514723990164  64.18126678466797  1
56.057435160138034  5.063514723990164  64.75004577636719  1
-9.442565005710144  5.563514725256181  11.528240203857422  1
44.55743513101965  5.563514725256181  51.81376647949219  0
54.05743515507397  5.563514725256181  62.60651397705078  1
54.557435156339984  5.563514725256181  63.1751823425293  1
55.057435157606  5.563514725256181  63.74388885498047  1
55.55743515887202  5.563514725256181  64.28143310546875  1
-9.442565005710144  6.063514726522198  11.703350067138672  1
54.05743515507397  6.063514726522198  62.71085739135742  1
54.557435156339984  6.063514726522198  63.279109954833984  1
-8.942565004444127  6.563514727788214  11.476215362548828  1
51.05743514747787  6.563514727788214  59.49918746948242  1
54.05743515507397  6.563514727788214  62.8191032409668  1
-8.942565004444127  7.063514729054231  11.701030731201172  1
-8.44256500317811  7.063514729054231  11.27631664276123  1
-3.4425649905179436  7.063514729054231  7.7416582107543945  0
-2.942564989251927  7.063514729054231  7.526972770690918  0
-2.4425649879859104  7.063514729054231  7.350576877593994  0
-8.44256500317811  7.5635147303202475  11.55392837524414  1
-7.942565001912093  7.5635147303202475  11.131471633911133  1
-3.4425649905179436  7.5635147303202475  8.180994033813477  0
-2.942564989251927  7.5635147303202475  7.982163906097412  0
-2.4425649879859104  7.5635147303202475  7.820155620574951  0
50.55743514621185  7.5635147303202475  59.15988540649414  1
-8.44256500317811  8.063514731586263  11.826190948486328  1
-7.942565001912093  8.063514731586263  11.438188552856445  1
-7.442565000646076  8.063514731586263  11.04384708404541  1
-3.4425649905179436  8.063514731586263  8.62468147277832  0
-2.942564989251927  8.063514731586263  8.44300365447998  0
-2.4425649879859104  8.063514731586263  8.293878555297852  0
47.55743513861575  8.063514731586263  55.87964630126953  1
48.05743513988177  8.063514731586263  56.44580841064453  1
48.557435141147785  8.063514731586263  57.01209259033203  1
49.0574351424138  8.063514731586263  57.578487396240234  1
49.55743514367982  8.063514731586263  58.14722442626953  1
50.057435144945835  8.063514731586263  58.7138786315918  1
50.55743514621185  8.063514731586263  59.2806396484375  1
-7.942565001912093  8.56351473285228  11.74070930480957  1
-7.442565000646076  8.56351473285228  11.378645896911621  1
-6.9425649993800596  8.56351473285228  11.014809608459473  1
-2.4425649879859104  8.56351473285228  8.785049438476562  0
47.55743513861575  8.56351473285228  56.00874328613281  1
48.05743513988177  8.56351473285228  56.57416915893555  1
48.557435141147785  8.56351473285228  57.139732360839844  1
49.0574351424138  8.56351473285228  57.705421447753906  1
49.55743514367982  8.56351473285228  58.27336120605469  1
50.057435144945835  8.56351473285228  58.83933639526367  1
50.55743514621185  8.56351473285228  59.405433654785156  1
-7.442565000646076  9.063514734118296  11.710492134094238  1
-6.9425649993800596  9.063514734118296  11.376185417175293  1
-6.442564998114043  9.063514734118296  11.044819831848145  1
-5.942564996848026  9.063514734118296  10.733449935913086  1
49.0574351424138  9.063514734118296  57.83647537231445  1
-6.442564998114043  9.563514735384313  11.430841445922852  1
-5.942564996848026  9.563514735384313  11.133401870727539  1
-5.44256499558201  9.563514735384313  10.857696533203125  1
-5.942564996848026  10.06351473665033  11.541805267333984  1
-5.44256499558201  10.06351473665033  11.2791748046875  1
-4.942564994315993  10.06351473665033  11.039689064025879  1
-4.442564993049976  10.563514737916346  11.276634216308594  1
-3.9425649917839602  10.563514737916346  11.098823547363281  1
-39.94256508293716  11.063514739182363  45.701171875  0
79.55743521964082  12.063514741714396  92.8965072631836  0
80.05743522090684  12.063514741714396  93.47207641601562  0
80.55743522217286  12.063514741714396  94.0371322631836  0
-40.442565084203174  12.563514742980413  46.472389221191406  0
79.55743521964082  12.563514742980413  93.03376770019531  0
80.05743522090684  12.563514742980413  93.5983657836914  0
80.55743522217286  12.563514742980413  94.16302490234375  0
79.0574352183748  13.06351474424643  92.58892059326172  0
79.55743521964082  13.06351474424643  93.16303253173828  0
80.05743522090684  13.06351474424643  93.72721862792969  0
80.55743522217286  13.06351474424643  94.29147338867188  0
79.0574352183748  13.563514745512446  92.721435546875  0
79.55743521964082  13.563514745512446  93.29488372802734  0
80.05743522090684  13.563514745512446  93.858642578125  0
78.55743521710879  14.063514746778463  92.2934799194336  0
79.0574352183748  14.063514746778463  92.85653686523438  0
79.55743521964082  14.063514746778463  93.42929077148438  0
78.05743521584277  14.56351474804448  91.86911010742188  0
78.55743521710879  14.56351474804448  92.43161010742188  0
79.0574352183748  14.56351474804448  93.00347900390625  0
79.55743521964082  14.56351474804448  93.56625366210938  0
77.55743521457676  15.063514749310496  91.44837951660156  0
78.05743521584277  15.063514749310496  92.01029968261719  0
78.55743521710879  15.063514749310496  92.57231140136719  0
79.0574352183748  15.063514749310496  93.1434555053711  0
79.55743521964082  15.063514749310496  93.70576477050781  0
77.55743521457676  15.563514750576513  91.59264373779297  0
78.05743521584277  15.563514750576513  92.15406036376953  0
78.55743521710879  15.563514750576513  92.71556854248047  0
79.0574352183748  15.563514750576513  93.28598022460938  0
77.55743521457676  16.06351475184253  91.73948669433594  0
78.05743521584277  16.06351475184253  92.30037689208984  0
78.55743521710879  16.06351475184253  92.86138153076172  0
79.0574352183748  16.06351475184253  93.43103790283203  0
77.05743521331074  16.563514753108546  91.32865142822266  0
77.55743521457676  16.563514753108546  91.8888931274414  0
78.05743521584277  16.563514753108546  92.44924926757812  0
78.55743521710879  16.563514753108546  93.01793670654297  0
79.0574352183748  16.563514753108546  93.57862091064453  0
77.05743521331074  17.063514754374562  91.48116302490234  0
77.55743521457676  17.063514754374562  92.04084777832031  0
78.05743521584277  17.063514754374562  92.60065460205078  0
78.55743521710879  17.063514754374562  93.1685562133789  0
79.0574352183748  17.063514754374562  93.72870635986328  0
76.55743521204472  17.56351475564058  91.07723999023438  0
77.05743521331074  17.56351475564058  91.63622283935547  0
77.55743521457676  17.56351475564058  92.19534301757812  0
78.05743521584277  17.56351475564058  92.75458526611328  0
78.55743521710879  17.56351475564058  93.32168579101562  0
76.55743521204472  18.063514756906596  91.23542022705078  0
77.05743521331074  18.063514756906596  91.79381561279297  0
77.55743521457676  18.063514756906596  92.35235595703125  0
78.05743521584277  18.063514756906596  92.91841125488281  0
76.55743521204472  18.563514758172612  91.39614868164062  0
77.05743521331074  18.563514758172612  91.95394897460938  0
77.55743521457676  18.563514758172612  92.51188659667969  0
78.05743521584277  18.563514758172612  93.07710266113281  0
76.55743521204472  19.06351475943863  91.55940246582031  0
77.05743521331074  19.06351475943863  92.11658477783203  0
77.55743521457676  19.06351475943863  92.67391967773438  0
78.05743521584277  19.06351475943863  93.23828887939453  0
76.55743521204472  19.563514760704646  91.72516632080078  0
77.55743521457676  19.563514760704646  92.83843231201172  0
78.05743521584277  19.563514760704646  93.40194702148438  0
76.55743521204472  20.063514761970662  91.89342498779297  0
77.55743521457676  20.063514761970662  93.01171112060547  0
-66.44256515003603  23.063514769566762  76.02967834472656  0
-66.44256515003603  23.56351477083278  76.12418365478516  0
-66.44256515003603  24.063514772098795  76.22197723388672  0
-66.44256515003603  24.563514773364812  76.32305145263672  0
-65.94256514877002  25.563514775896845  76.00135040283203  0
-65.94256514877002  26.56351477842888  76.22880554199219  0
-65.94256514877002  27.063514779694895  76.34738159179688  0
-65.94256514877002  27.56351478096091  76.46918487548828  0
-65.442565147504  28.563514783492945  76.19715881347656  0
-43.94256509306529  28.563514783492945  55.14109420776367  0
-65.442565147504  29.06351478475896  76.32990264892578  0
-43.94256509306529  29.06351478475896  55.36245346069336  0
-43.442565091799274  29.06351478475896  54.87038040161133  0
-65.442565147504  29.563514786024978  76.46581268310547  0
-43.442565091799274  29.563514786024978  55.09156036376953  0
-64.94256514623798  30.063514787290995  76.08454895019531  0
-43.442565091799274  30.063514787290995  55.32282638549805  0
-64.94256514623798  30.56351478855701  76.22821044921875  0
-43.442565091799274  30.56351478855701  55.55139923095703  0
-42.94256509053326  30.56351478855701  55.06870651245117  0
-64.94256514623798  31.063514789823028  76.37499237060547  0
-42.94256509053326  31.063514789823028  55.309776306152344  0
-42.44256508926724  31.063514789823028  54.831600189208984  0
-42.94256509053326  31.563514791089045  55.54813003540039  0
-42.44256508926724  31.563514791089045  55.07256317138672  0
-64.44256514497197  32.063514792355065  76.16424560546875  0
-42.94256509053326  32.063514792355065  55.79002380371094  0
-42.44256508926724  32.063514792355065  55.32332229614258  0
-41.942565088001224  32.063514792355065  54.85245132446289  0
-64.44256514497197  32.56351479362108  76.32186126708984  0
-42.44256508926724  32.56351479362108  55.57133865356445  0
-41.942565088001224  32.56351479362108  55.10313415527344  0
-64.44256514497197  33.0635147948871  76.48255920410156  0
-63.942565143705956  33.0635147948871  75.97279357910156  0
-42.44256508926724  33.0635147948871  55.822811126708984  0
-41.942565088001224  33.0635147948871  55.36343765258789  0
-41.44256508673521  33.0635147948871  54.90010070800781  0
-63.942565143705956  33.563514796153115  76.13812255859375  0
-41.942565088001224  33.563514796153115  55.62099075317383  0
-41.44256508673521  33.563514796153115  55.16036605834961  0
-40.94256508546919  33.563514796153115  54.70810317993164  0
-40.442565084203174  33.563514796153115  54.25809860229492  0
-63.942565143705956  34.06351479741913  76.3064956665039  0
-41.44256508673521  34.06351479741913  55.43007278442383  0
-40.94256508546919  34.06351479741913  54.97447967529297  0
-40.442565084203174  34.06351479741913  54.52725601196289  0
-39.94256508293716  34.06351479741913  54.0823860168457  0
-63.942565143705956  34.56351479868515  76.4779052734375  0
-40.442565084203174  34.56351479868515  54.79973220825195  0
-39.94256508293716  34.56351479868515  54.35767364501953  0
-39.44256508167114  34.56351479868515  53.918060302734375  0
-38.942565080405124  34.56351479868515  53.48094940185547  0
-35.44256507154301  34.56351479868515  50.35768127441406  0
-34.94256507027699  34.56351479868515  49.945552825927734  0
-63.44256514243994  35.063514799951164  76.14986419677734  0
-39.94256508293716  35.063514799951164  54.63623046875  0
-39.44256508167114  35.063514799951164  54.199459075927734  0
-35.44256507154301  35.063514799951164  50.663631439208984  0
-34.94256507027699  35.063514799951164  50.254669189453125  0
-34.442565069010975  35.063514799951164  49.84889221191406  0
72.55743520191659  35.063514799951164  93.79205322265625  1
-63.44256514243994  35.56351480121718  76.32891845703125  0
-34.442565069010975  35.56351480121718  50.16436004638672  0
-33.94256506774496  35.56351480121718  49.76506042480469  0
-33.44256506647894  35.56351480121718  49.36913299560547  0
71.55743519938456  35.56351480121718  92.98526763916016  1
72.05743520065057  35.56351480121718  93.51148223876953  1
72.55743520191659  35.56351480121718  94.0382080078125  1
-63.44256514243994  36.0635148024832  76.51094818115234  0
-33.94256506774496  36.0635148024832  50.08681869506836  0
-33.44256506647894  36.0635148024832  49.69411849975586  0
-32.942565065212925  36.0635148024832  49.30490493774414  0
71.55743519938456  36.0635148024832  93.2355728149414  1
72.05743520065057  36.0635148024832  93.76074981689453  1
72.55743520191659  36.0635148024832  94.28644561767578  1
-63.44256514243994  36.563514803749214  76.6959457397461  0
-33.44256506647894  36.563514803749214  50.02210998535156  0
-32.942565065212925  36.563514803749214  49.636131286621094  0
-32.44256506394691  36.563514803749214  49.253746032714844  0
71.55743519938456  36.563514803749214  93.48795318603516  1
72.05743520065057  36.563514803749214  94.0120849609375  1
-63.44256514243994  37.06351480501523  76.88387298583984  0
-33.44256506647894  37.06351480501523  50.3530387878418  0
-32.942565065212925  37.06351480501523  49.97027587890625  0
-32.44256506394691  37.06351480501523  49.59113693237305  0
-31.94256506268089  37.06351480501523  49.2156982421875  0
71.55743519938456  37.06351480501523  93.74240112304688  1
72.05743520065057  37.06351480501523  94.2654800415039  1
-32.942565065212925  37.56351480628125  50.30728530883789  0
-32.44256506394691  37.56351480628125  49.931365966796875  0
-31.94256506268089  37.56351480628125  49.55916976928711  0
-31.442565061414875  37.56351480628125  49.18735885620117  0
71.55743519938456  37.56351480628125  93.99889373779297  1
-32.942565065212925  38.063514807547264  50.64710235595703  0
-32.44256506394691  38.063514807547264  50.27437973022461  0
-31.94256506268089  38.063514807547264  49.90540313720703  0
-31.442565061414875  38.063514807547264  49.540260314941406  0
71.55743519938456  38.063514807547264  94.25740814208984  1
-32.44256506394691  38.56351480881328  50.620121002197266  0
-31.94256506268089  38.56351480881328  50.25434112548828  0
-31.442565061414875  38.56351480881328  49.89241027832031  0
-30.94256506014886  38.56351480881328  49.534420013427734  0
71.05743519811854  38.56351480881328  93.99861907958984  1
-32.44256506394691  39.0635148100793  50.96853256225586  0
-31.94256506268089  39.0635148100793  50.60592269897461  0
-31.442565061414875  39.0635148100793  50.24718475341797  0
-30.94256506014886  39.0635148100793  49.892398834228516  0
-30.442565058882842  39.0635148100793  49.541656494140625  0
-32.44256506394691  39.563514811345314  51.31956100463867  0
-31.94256506268089  39.563514811345314  50.9600944519043  0
-31.442565061414875  39.563514811345314  50.604522705078125  0
-30.94256506014886  39.563514811345314  50.2529182434082  0
-30.442565058882842  39.563514811345314  49.90536880493164  0
-29.942565057616825  39.563514811345314  49.56195831298828  0
-32.44256506394691  40.06351481261133  51.673152923583984  0
-31.94256506268089  40.06351481261133  51.31680679321289  0
-31.442565061414875  40.06351481261133  50.96437072753906  0
-30.94256506014886  40.06351481261133  50.61591720581055  0
-30.442565058882842  40.06351481261133  50.27153396606445  0
-29.942565057616825  40.06351481261133  49.931304931640625  0
-29.44256505635081  40.06351481261133  49.59531784057617  0
-26.44256504875471  40.06351481261133  47.671058654785156  0
-63.942565143705956  40.56351481387735  78.91522216796875  0
-51.94256511332156  40.56351481387735  68.00949096679688  1
-31.442565061414875  40.56351481387735  51.32667922973633  0
-30.94256506014886  40.56351481387735  50.98134994506836  0
-30.442565058882842  40.56351481387735  50.64010238647461  0
-29.942565057616825  40.56351481387735  50.30302429199219  0
-29.44256505635081  40.56351481387735  49.97019577026367  0
-28.942565055084792  40.56351481387735  49.641700744628906  0
-28.442565053818775  40.56351481387735  49.317626953125  0
-27.94256505255276  40.56351481387735  48.99551773071289  0
-27.442565051286742  40.56351481387735  48.68065643310547  0
-26.942565050020725  40.56351481387735  48.3704833984375  0
-26.44256504875471  40.56351481387735  48.06509017944336  0
-25.942565047488692  40.56351481387735  47.76456832885742  0
-25.442565046222676  40.56351481387735  47.46901321411133  0
-63.942565143705956  41.063514815143364  79.12400817871094  0
-28.442565053818775  41.063514815143364  49.701072692871094  0
-27.94256505255276  41.063514815143364  49.38466262817383  0
-27.442565051286742  41.063514815143364  49.0704460144043  0
-26.942565050020725  41.063514815143364  48.763431549072266  0
-26.44256504875471  41.063514815143364  48.4611930847168  0
-25.942565047488692  41.063514815143364  48.1638298034668  0
-23.942565042424626  41.063514815143364  47.0249137878418  0
-23.44256504115861  41.063514815143364  46.75328063964844  0
-22.942565039892592  41.063514815143364  46.48560333251953  0
-63.942565143705956  41.56351481640938  79.33550262451172  0
-51.44256511205554  41.56351481640938  68.0723648071289  1
-22.942565039892592  41.56351481640938  46.90688705444336  0
-22.442565038626576  41.56351481640938  46.649253845214844  0
-21.94256503736056  41.56351481640938  46.39600372314453  0
-21.442565036094543  41.56351481640938  46.14976119995117  0
35.55743510823135  41.56351481640938  61.67654800415039  0
-22.442565038626576  42.0635148176754  47.073760986328125  0
-21.94256503736056  42.0635148176754  46.824710845947266  0
-21.442565036094543  42.0635148176754  46.58132553100586  0
-20.942565034828526  42.0635148176754  46.34275436401367  0
36.05743510949737  42.0635148176754  62.4794921875  0
-50.94256511078952  42.563514818941414  68.15699768066406  1
-21.442565036094543  42.563514818941414  47.0132942199707  0
-20.942565034828526  42.563514818941414  46.778564453125  0
-20.44256503356251  42.563514818941414  46.548866271972656  0
35.55743510823135  42.563514818941414  62.445335388183594  0
36.05743510949737  42.563514818941414  62.86271286010742  0
36.557435110763386  42.563514818941414  63.28248596191406  0
-50.44256510952351  43.06351482020743  67.98744201660156  1
-19.942565032296493  43.06351482020743  46.76856231689453  0
35.55743510823135  43.06351482020743  62.832305908203125  0
36.05743510949737  43.06351482020743  63.247650146484375  0
36.557435110763386  43.06351482020743  63.6654052734375  0
37.0574351120294  43.06351482020743  64.13450622558594  0
35.55743510823135  43.56351482147345  63.220951080322266  0
36.05743510949737  43.56351482147345  63.634281158447266  0
-64.44256514497197  44.063514822739464  80.9067611694336  0
-16.942565024700393  45.563514826537514  47.87971496582031  0
22.057435074048904  45.563514826537514  54.786800384521484  0
22.55743507531492  45.563514826537514  55.104835510253906  0
23.057435076580937  45.563514826537514  55.42063903808594  0
23.557435077846954  45.563514826537514  55.74675750732422  0
22.057435074048904  46.06351482780353  55.23575210571289  0
22.55743507531492  46.06351482780353  55.5454216003418  0
23.057435076580937  46.06351482780353  55.865516662597656  0
23.557435077846954  46.06351482780353  56.189613342285156  0
27.557435087975087  46.06351482780353  58.91190719604492  0
28.057435089241103  46.06351482780353  59.269012451171875  0
40.0574351196255  46.06351482780353  69.00904846191406  1
40.55743512089152  46.06351482780353  69.43273162841797  1
21.557435072782887  46.56351482906955  55.36932373046875  0
22.057435074048904  46.56351482906955  55.67924118041992  0
22.55743507531492  46.56351482906955  55.993289947509766  0
23.057435076580937  46.56351482906955  56.31139373779297  0
23.557435077846954  46.56351482906955  56.63349533081055  0
24.05743507911297  46.56351482906955  56.95951843261719  0
25.057435081645004  46.56351482906955  57.623077392578125  0
38.057435114561436  46.56351482906955  67.72595977783203  1
38.55743511582745  46.56351482906955  68.13903045654297  1
39.05743511709347  46.56351482906955  68.55435180664062  1
39.557435118359486  46.56351482906955  68.97189331054688  1
40.0574351196255  46.56351482906955  69.3916015625  1
21.557435072782887  47.06351483033556  55.822025299072266  0
22.057435074048904  47.06351483033556  56.1300048828125  0
22.55743507531492  47.06351483033556  56.44210433959961  0
23.057435076580937  47.06351483033556  56.75825119018555  0
23.557435077846954  47.06351483033556  57.07838439941406  0
24.05743507911297  47.06351483033556  57.40243148803711  0
37.55743511329542  47.06351483033556  67.70858764648438  1
38.057435114561436  47.06351483033556  68.11749267578125  1
38.55743511582745  47.06351483033556  68.52870178222656  1
39.05743511709347  47.06351483033556  68.94216918945312  1
39.557435118359486  47.06351483033556  69.35785675048828  1
41.057435122157536  47.06351483033556  70.8685073852539  1
41.55743512342355  47.06351483033556  71.29141235351562  1
21.557435072782887  47.56351483160158  56.27560806274414  0
22.057435074048904  47.56351483160158  56.5816764831543  0
22.55743507531492  47.56351483160158  56.89185333251953  0
23.057435076580937  47.56351483160158  57.2060661315918  0
23.557435077846954  47.56351483160158  57.524253845214844  0
38.057435114561436  47.56351483160158  68.51053619384766  1
38.55743511582745  47.56351483160158  68.91988372802734  1
39.05743511709347  47.56351483160158  69.33151245117188  1
39.557435118359486  47.56351483160158  70.00343322753906  1
40.0574351196255  47.56351483160158  70.41828918457031  1
40.55743512089152  47.56351483160158  70.83526611328125  1
41.057435122157536  47.56351483160158  71.25434112548828  1
-51.44256511205554  48.0635148328676  71.40174102783203  1
21.557435072782887  48.0635148328676  56.73004913330078  0
22.057435074048904  48.0635148328676  57.03423309326172  0
22.55743507531492  48.0635148328676  57.34251022338867  0
23.057435076580937  48.0635148328676  57.654815673828125  0
38.55743511582745  48.0635148328676  69.31256866455078  1
39.05743511709347  48.0635148328676  69.98527526855469  1
39.557435118359486  48.0635148328676  70.39615631103516  1
40.0574351196255  48.0635148328676  70.80921173095703  1
40.55743512089152  48.0635148328676  71.22441101074219  1
-50.94256511078952  48.56351483413361  71.28543090820312  1
21.05743507151687  48.56351483413361  56.887149810791016  0
21.557435072782887  48.56351483413361  57.185325622558594  0
22.057435074048904  48.56351483413361  57.487648010253906  0
22.55743507531492  48.56351483413361  57.79405212402344  0
23.057435076580937  48.56351483413361  58.09778594970703  0
-50.94256511078952  49.06351483539963  71.58757019042969  1
21.05743507151687  49.06351483539963  57.34506607055664  0
21.557435072782887  49.06351483539963  57.64141845703125  0
22.057435074048904  49.06351483539963  57.93518829345703  0
22.55743507531492  49.06351483539963  58.23972702026367  0
-50.44256510952351  49.56351483666565  71.48482513427734  1
20.557435070250854  49.56351483666565  57.51337432861328  0
21.05743507151687  49.56351483666565  57.80375289916992  0
21.557435072782887  49.56351483666565  58.091548919677734  0
-50.44256510952351  50.06351483793166  71.79383850097656  1
-49.94256510825749  50.06351483793166  71.3910903930664  1
20.557435070250854  50.06351483793166  57.96780014038086  0
21.05743507151687  50.06351483793166  58.25639724731445  0
-49.94256510825749  50.56351483919768  71.7046127319336  1
-49.442565106991474  50.56351483919768  71.306396484375  1
20.557435070250854  50.56351483919768  58.42965316772461  0
21.05743507151687  50.56351483919768  58.71651840209961  0
-49.94256510825749  51.0635148404637  72.0203628540039  1
-49.442565106991474  51.0635148404637  71.62440490722656  1
-48.94256510572546  51.0635148404637  71.23077392578125  1
20.557435070250854  51.0635148404637  58.89220428466797  0
30.557435095571186  51.0635148404637  65.59619140625  1
31.057435096837203  51.0635148404637  65.95303344726562  1
-49.442565106991474  51.56351484172971  71.9446029663086  1
-48.94256510572546  51.56351484172971  71.55323791503906  1
30.557435095571186  51.56351484172971  66.0265884399414  1
31.057435096837203  51.56351484172971  66.38162231445312  1
-48.94256510572546  52.06351484299573  71.87784576416016  1
-48.44256510445944  52.06351484299573  71.49114227294922  1
30.05743509430517  52.06351484299573  66.10784912109375  1
30.557435095571186  52.06351484299573  66.45805358886719  1
31.057435096837203  52.06351484299573  66.87456512451172  1
-48.94256510572546  52.563514844261746  72.20458221435547  1
-48.44256510445944  52.563514844261746  71.82013702392578  1
-47.942565103193424  52.563514844261746  71.43814086914062  1
28.057435089241103  52.563514844261746  65.17972564697266  1
28.55743509050712  52.563514844261746  65.51553344726562  1
29.057435091773137  52.563514844261746  65.85456848144531  1
29.557435093039153  52.563514844261746  66.19678497314453  1
30.05743509430517  52.563514844261746  66.54212951660156  1
30.557435095571186  52.563514844261746  66.95451354980469  1
31.057435096837203  52.563514844261746  67.30593872070312  1
31.55743509810322  52.563514844261746  67.66034698486328  1
-48.44256510445944  53.06351484552776  72.15121459960938  1
-47.942565103193424  53.06351484552776  71.771484375  1
-47.44256510192741  53.06351484552776  71.39424896240234  1
22.55743507531492  53.06351484552776  62.11099624633789  1
23.057435076580937  53.06351484552776  62.40605926513672  1
24.05743507911297  53.06351484552776  63.0075569152832  1
24.557435080378987  53.06351484552776  63.31388473510742  1
25.057435081645004  53.06351484552776  63.62385940551758  1
25.55743508291102  53.06351484552776  64.00186920166016  1
26.057435084177037  53.06351484552776  64.31903839111328  1
26.557435085443053  53.06351484552776  64.63969421386719  1
27.05743508670907  53.06351484552776  64.96377563476562  1
27.557435087975087  53.06351484552776  65.29122924804688  1
28.057435089241103  53.06351484552776  65.62201690673828  1
28.55743509050712  53.06351484552776  65.9560775756836  1
29.057435091773137  53.06351484552776  66.29336547851562  1
29.557435093039153  53.06351484552776  66.63382720947266  1
30.05743509430517  53.06351484552776  67.04203033447266  1
30.557435095571186  53.06351484552776  67.38867950439453  1
31.057435096837203  53.06351484552776  67.73834991455078  1
31.55743509810322  53.06351484552776  68.09100341796875  1
-47.942565103193424  53.56351484679378  72.10687255859375  1
-47.44256510192741  53.56351484679378  71.73190307617188  1
-46.94256510066139  53.56351484679378  71.3594970703125  1
24.05743507911297  53.56351484679378  63.463775634765625  1
24.557435080378987  53.56351484679378  63.7684326171875  1
25.057435081645004  53.56351484679378  64.14166259765625  1
25.55743508291102  53.56351484679378  64.45362091064453  1
26.057435084177037  53.56351484679378  64.76909637451172  1
26.557435085443053  53.56351484679378  65.08804321289062  1
27.05743508670907  53.56351484679378  65.41041564941406  1
27.557435087975087  53.56351484679378  65.73615264892578  1
28.057435089241103  53.56351484679378  66.06521606445312  1
28.55743509050712  53.56351484679378  66.39755249023438  1
29.057435091773137  53.56351484679378  66.73311614990234  1
29.557435093039153  53.56351484679378  67.1370849609375  1
30.05743509430517  53.56351484679378  67.47893524169922  1
30.557435095571186  53.56351484679378  67.82384490966797  1
31.057435096837203  53.56351484679378  68.17179107666016  1
-47.44256510192741  54.063514848059796  72.07157135009766  1
-46.94256510066139  54.063514848059796  71.70142364501953  1
25.55743508291102  54.063514848059796  64.90616607666016  1
26.057435084177037  54.063514848059796  65.219970703125  1
26.557435085443053  54.063514848059796  65.53723907470703  1
27.05743508670907  54.063514848059796  65.85791778564453  1
27.557435087975087  54.063514848059796  66.18196105957031  1
28.057435089241103  54.063514848059796  66.50932312011719  1
28.55743509050712  54.063514848059796  66.90579986572266  1
29.057435091773137  54.063514848059796  67.23965454101562  1
29.557435093039153  54.063514848059796  67.57666778564453  1
30.05743509430517  54.063514848059796  67.91680145263672  1
-47.44256510192741  54.56351484932581  72.4132080078125  1
-46.94256510066139  54.56351484932581  72.04531860351562  1
-46.442565099395374  54.56351484932581  71.68004608154297  1
27.05743508670907  54.56351484932581  66.30625915527344  1
27.557435087975087  54.56351484932581  66.62863159179688  1
28.057435089241103  54.56351484932581  67.0207290649414  1
28.55743509050712  54.56351484932581  67.34969329833984  1
29.057435091773137  54.56351484932581  67.6818618774414  1
29.557435093039153  54.56351484932581  68.01718139648438  1
-46.94256510066139  55.06351485059183  72.39115142822266  1
-46.442565099395374  55.06351485059183  72.02813720703125  1
-45.94256509812936  55.06351485059183  71.66778564453125  1
-46.442565099395374  55.563514851857846  72.37812042236328  1
-45.94256509812936  55.563514851857846  72.02001953125  1
-45.94256509812936  56.06351485312386  72.37411499023438  1
-45.44256509686334  56.06351485312386  72.02098083496094  1
-45.94256509812936  56.56351485438988  72.73004913330078  1
-45.44256509686334  56.56351485438988  72.37914276123047  1
-44.942565095597324  56.56351485438988  72.03101348876953  1
-45.44256509686334  57.063514855655896  72.73909759521484  1
-44.942565095597324  57.063514855655896  72.39319610595703  1
-44.44256509433131  57.063514855655896  72.05011749267578  1
-44.942565095597324  57.56351485692191  72.75712585449219  1
-44.44256509433131  57.56351485692191  72.41626739501953  1
-43.94256509306529  57.56351485692191  72.07827758789062  1
-44.44256509433131  58.06351485818793  72.78413391113281  1
-43.94256509306529  58.06351485818793  72.44835662841797  1
-43.442565091799274  58.06351485818793  72.11549377441406  1
-42.94256509053326  58.06351485818793  71.78559112548828  1
-43.442565091799274  58.563514859453946  72.48944854736328  1
-42.94256509053326  58.563514859453946  72.16175079345703  1
-42.44256508926724  58.563514859453946  71.83705139160156  1
-42.44256508926724  59.06351486071996  72.21702575683594  1
-41.942565088001224  59.06351486071996  71.89756774902344  1
-41.44256508673521  59.06351486071996  71.5811996459961  1
-40.94256508546919  59.06351486071996  71.26795959472656  1
-41.44256508673521  59.56351486198598  71.96711730957031  1
-40.94256508546919  59.56351486198598  71.65606689453125  1
-40.442565084203174  59.56351486198598  71.34818267822266  1
-39.94256508293716  60.063514863251996  71.43746185302734  1
-8.942565004444127  62.56351486958208  62.91405487060547  0
-8.942565004444127  64.06351487338013  64.4482421875  0
-8.44256500317811  64.06351487338013  64.42691040039062  0
-7.942565001912093  64.06351487338013  64.4106216430664  0
-7.442565000646076  64.06351487338013  64.39938354492188  0
-8.44256500317811  64.56351487464615  64.92743682861328  0
-7.942565001912093  64.56351487464615  64.91178894042969  0
-7.442565000646076  64.56351487464615  64.90116119384766  0
-6.9425649993800596  64.56351487464615  64.89553833007812  0
-8.44256500317811  65.06351487591216  65.42805480957031  0
-7.942565001912093  65.06351487591216  65.41304016113281  0
-7.442565000646076  65.06351487591216  65.40299987792969  0
-6.9425649993800596  65.06351487591216  65.39793395996094  0
-7.942565001912093  65.56351487717818  65.91436004638672  0
-7.442565000646076  65.56351487717818  65.9049072265625  0
-59.442565132311806  67.56351488224225  90.41448974609375  0
-58.94256513104579  67.56351488224225  90.02301788330078  0
-58.44256512977977  67.56351488224225  89.6509017944336  0
-57.942565128513756  67.56351488224225  89.28086853027344  0
-57.44256512724774  67.56351488224225  88.9129409790039  0
-56.94256512598172  67.56351488224225  88.54714965820312  0
-4.442564993049976  67.56351488224225  68.01844024658203  0
-58.94256513104579  68.06351488350826  90.38147735595703  0
-58.44256512977977  68.06351488350826  89.99419403076172  0
-57.942565128513756  68.06351488350826  89.62596130371094  0
-57.44256512724774  68.06351488350826  89.25984954833984  0
-15.94256502216836  68.06351488350826  69.19708251953125  0
-15.442565020902343  68.06351488350826  69.1162109375  0
-3.9425649917839602  68.06351488350826  68.55107879638672  0
-58.44256512977977  68.56351488477428  90.35565185546875  0
-57.942565128513756  68.56351488477428  89.97259521484375  0
-15.94256502216836  68.56351488477428  69.82914733886719  0
-15.442565020902343  68.56351488477428  69.60635375976562  0
-14.942565019636326  68.56351488477428  69.5311279296875  0
-18.442565028498443  69.0635148860403  70.75666809082031  0
-17.942565027232426  69.0635148860403  70.6605453491211  0
-15.442565020902343  69.0635148860403  70.24697875976562  0
-62.442565139907906  70.06351488857233  94.38214111328125  1
-1.9425649867198935  70.06351488857233  71.00975799560547  1
-61.94256513864189  70.56351488983834  94.3427963256836  1
