5.036048519627654  -106.44648220329772  130.75837034683673  0
3.4643215460225445  -105.26768697309389  128.90875634412618  1
3.4643215460225445  -104.08889174289006  127.43566105030375  1
3.857253289423822  -103.69595999948878  127.08350755889751  1
-11.860016446627272  -103.3030282560875  124.01304721253575  0
-11.467084703225995  -103.3030282560875  124.05252975900356  0
-11.074152959824717  -103.3030282560875  124.09340218805356  0
-11.860016446627272  -102.91009651268622  123.53689729505163  0
-11.467084703225995  -102.91009651268622  123.57622223096348  0
-11.074152959824717  -102.91009651268622  123.61694250705526  0
-11.467084703225995  -102.51716476928495  123.09993202810465  0
-11.074152959824717  -102.51716476928495  123.14049896828698  0
-10.68122121642344  -102.51716476928495  123.1824653646794  0
-11.074152959824717  -102.12423302588367  122.66407175984446  0
-10.68122121642344  -102.12423302588367  122.70588916097174  0
5.821912006430209  -101.73130128248239  125.17713048770074  1
6.214843749831486  -101.33836953908111  124.83107289677442  1
-12.25294819002855  -100.94543779567984  121.08124671802533  1
-12.25294819002855  -100.55250605227856  120.60551089138647  1
-13.431743420232381  -98.58784733527217  118.05175216665106  0
-14.610538650436213  -98.1949155918709  117.49002485899054  0
-14.217606907034936  -98.1949155918709  117.51753331838671  0
-13.824675163633659  -98.1949155918709  117.5465189755203  0
5.036048519627654  -98.1949155918709  120.69934377745383  1
5.428980263028931  -98.1949155918709  120.79794532108349  1
-15.396402137238768  -97.80198384846962  116.9657887952584  0
-15.00347039383749  -97.80198384846962  116.99010982222086  0
-14.610538650436213  -97.80198384846962  117.01591615710376  0
37.2564514785324  -97.40905210506834  132.05590373016474  0
37.649383221933675  -97.40905210506834  132.2530884258639  0
-16.182265624041325  -97.01612036166706  115.975375790751  1
36.47058799172984  -97.01612036166706  131.20643727169386  0
-53.11784950376139  -96.62318861826579  120.3003005840411  0
-12.645879933429827  -96.23025687486451  115.28322110339923  1
29.00488486710557  -95.05146164466068  125.33974585160746  0
53.759584701386046  -90.33628072384535  133.29995735819145  0
53.36665295798477  -89.94334898044407  132.62122675204355  0
-61.369416115188216  -89.5504172370428  115.68596247256664  0
72.62030838464736  -75.79780621799809  131.11839273653936  1
73.01324012804864  -75.79780621799809  131.42016367653272  1
69.86978618083842  -75.40487447459681  128.67216749425893  0
70.2627179242397  -75.40487447459681  128.9705455828011  0
70.65564966764097  -75.40487447459681  129.26958269202987  0
71.04858141104225  -75.40487447459681  129.5692742590229  0
72.62030838464736  -75.40487447459681  130.74757458926476  1
73.01324012804864  -75.40487447459681  131.0301701498546  1
70.65564966764097  -75.01194273119553  128.87676250596923  0
71.04858141104225  -75.01194273119553  129.17706807407998  0
71.44151315444353  -75.01194273119553  129.47802268958478  0
71.8344448978448  -75.01194273119553  129.77962183712876  0
72.62030838464736  -75.01194273119553  130.3847358280153  1
73.01324012804864  -75.01194273119553  130.66087363380424  1
71.04858141104225  -74.61901098779425  128.78544416408783  0
71.44151315444353  -74.61901098779425  129.08701426359298  0
71.8344448978448  -74.61901098779425  129.38922797370668  0
72.22737664124608  -74.61901098779425  129.69208079512975  0
71.44151315444353  -74.22607924439298  128.69659580383274  0
71.8344448978448  -74.22607924439298  128.99942641422024  0
72.22737664124608  -74.22607924439298  129.30289517291226  0
73.01324012804864  -73.44021575759042  129.13763492632566  1
73.01324012804864  -73.04728401418915  128.75150825133153  1
72.22737664124608  -72.65435227078787  127.77986129120785  0
73.01324012804864  -72.65435227078787  128.3660026165329  1
72.22737664124608  -72.26142052738659  127.36988611267185  0
72.22737664124608  -71.86848878398531  126.98440305420422  0
-92.8039555872904  -69.11796658017637  116.62311737234566  1
-93.19688733069168  -68.7250348367751  116.65341312924315  1
-92.8039555872904  -68.7250348367751  116.3569738839694  1
-93.19688733069168  -68.33210309337382  116.38963445110443  1
-92.8039555872904  -68.33210309337382  116.09218973110191  1
-93.58981907409296  -67.93917134997254  116.42640958575672  1
-93.19688733069168  -67.93917134997254  116.12722548979583  1
-92.8039555872904  -67.93917134997254  115.82326990221199  1
-93.58981907409296  -67.54623960657126  116.16638364214867  1
-93.19688733069168  -67.54623960657126  115.86085122485152  1
-93.58981907409296  -67.15330786316999  115.9077469684201  1
-93.19688733069168  -67.15330786316999  115.60131574815665  1
-93.98275081749424  -66.76037611976871  115.95342404664231  1
-93.58981907409296  -66.76037611976871  115.6454315591648  1
-93.19688733069168  -66.76037611976871  115.35520890669102  1
-93.98275081749424  -66.36744437636743  115.69368088664878  1
-93.58981907409296  -66.36744437636743  115.40136281623435  1
-93.19688733069168  -66.36744437636743  115.0982302743145  1
-93.98275081749424  -65.97451263296615  115.45165616269347  1
-93.58981907409296  -65.97451263296615  115.14680763557803  1
-94.37568256089551  -65.58158088956488  115.49518430305748  1
-93.98275081749424  -65.58158088956488  115.19953150067525  1
-93.58981907409296  -65.58158088956488  114.89367895645464  1
-94.37568256089551  -65.1886491461636  115.25639617915442  1
-93.98275081749424  -65.1886491461636  114.94884336914171  1
-93.58981907409296  -65.1886491461636  114.64198622797662  1
-94.37568256089551  -64.79571740276232  115.00815524377744  1
-93.98275081749424  -64.79571740276232  114.69960118715872  1
-93.98275081749424  -64.40278565936104  114.45181440127416  1
-93.98275081749424  -64.00985391595977  114.2054924846177  1
-93.98275081749424  -63.61692217255848  113.96064493597618  1
-93.98275081749424  -63.223990429157205  113.7172812788439  1
-93.98275081749424  -62.83105868575593  113.47541106044758  1
-93.58981907409296  -62.83105868575593  113.16251755351706  1
-93.98275081749424  -62.43812694235465  113.23504385074662  1
-93.58981907409296  -62.43812694235465  112.92114340465542  1
-93.98275081749424  -62.04519519895337  112.99618924140711  1
-93.58981907409296  -62.04519519895337  112.69017346613325  1
-93.98275081749424  -61.652263455552095  112.76736413375205  1
-93.98275081749424  -61.25933171215082  112.5313095141015  1
-99.09086348171084  -60.080536481946986  116.03731967073134  1
51.40199424097838  -40.826881055284396  80.10043513282804  1
-42.90162417532818  -32.96824618725885  54.80937903633408  0
-42.115760688525626  -32.96824618725885  54.23977992646961  0
-43.687487662130735  -32.57531444385757  55.110714884345576  0
-43.29455591872946  -32.57531444385757  54.81970627665666  0
-42.90162417532818  -32.57531444385757  54.530299263930345  0
-42.115760688525626  -32.57531444385757  53.956392970988844  0
-43.29455591872946  -32.182382700456294  54.545587940339665  0
-42.90162417532818  -32.182382700456294  54.25404187685169  0
-42.5086924319269  -32.182382700456294  53.96410841028863  0
-40.936965458321794  -31.003587470252466  52.183369058822294  1
1.4996628290161578  -23.930816089029474  30.370681751005367  1
1.8925945724174351  -23.930816089029474  30.423001765274215  1
2.2855263158187125  -23.930816089029474  30.480378424497644  1
5.036048519627654  -23.930816089029474  31.020932652883538  1
5.428980263028931  -23.930816089029474  31.117556821361354  1
-3.6084498352004477  -23.537884345628196  29.666678191932725  1
-3.2155180917991704  -23.537884345628196  29.651042734871247  1
1.1067310856148804  -23.537884345628196  29.827621355526787  1
1.4996628290161578  -23.537884345628196  29.87514057490687  1
1.8925945724174351  -23.537884345628196  29.927825834915247  1
-2.0367228615953383  -23.14495260222692  29.140902529800233  1
-1.643791118194061  -23.14495260222692  29.14600456480001  1
-1.2508593747927836  -23.14495260222692  29.156485926180896  1
-0.8579276313915063  -23.14495260222692  29.17234081158558  1
-0.464995887990229  -23.14495260222692  29.193560462157627  1
-2.0367228615953383  -22.75202085882564  28.675892106006252  1
-1.643791118194061  -22.75202085882564  28.67859204500555  1
-1.2508593747927836  -22.75202085882564  28.686748504318835  1
9.751229440442982  -19.608566911615423  27.319537360567512  1
10.14416118384426  -19.608566911615423  27.491210027812173  1
10.930024670646814  -16.465112964405204  24.417911822029076  1
11.322956414048091  -16.072181221003927  24.19641765097597  1
11.322956414048091  -15.67924947760265  23.761661993950558  1
11.715888157449369  -15.67924947760265  23.98809788648963  1
8.965365953640427  -15.286317734201372  22.304398066462817  0
11.715888157449369  -15.286317734201372  23.55906900462858  1
12.108819900850646  -15.286317734201372  23.79329892942155  1
12.501751644251923  -15.286317734201372  24.03184355139054  1
12.8946833876532  -15.286317734201372  24.274575734258757  1
9.358297697041705  -14.893385990800095  22.087504116170095  0
10.537092927245537  -14.893385990800095  22.580924016066238  0
11.715888157449369  -14.893385990800095  23.132651597995242  1
12.108819900850646  -14.893385990800095  23.370342580416597  1
12.501751644251923  -14.893385990800095  23.612355795013784  1
12.8946833876532  -14.893385990800095  23.858559777182005  1
10.14416118384426  -14.500454247398817  22.123794159346303  0
10.537092927245537  -14.500454247398817  22.147667246013548  0
10.930024670646814  -14.500454247398817  22.381437840424518  0
11.322956414048091  -14.500454247398817  22.61987175160594  0
12.8946833876532  -14.500454247398817  23.445589681304916  1
13.287615131054478  -14.500454247398817  23.699415858637572  1
10.537092927245537  -14.10752250399754  21.942704807444333  0
10.930024670646814  -14.10752250399754  22.19527263028857  0
11.322956414048091  -14.10752250399754  22.196292603301433  0
12.501751644251923  -14.10752250399754  22.948884414962006  1
13.287615131054478  -14.10752250399754  23.293305496492962  1
13.680546874455755  -14.10752250399754  23.554698802018557  1
10.930024670646814  -13.714590760596263  21.775916787881947  0
11.322956414048091  -13.714590760596263  22.036575164184484  0
12.108819900850646  -13.714590760596263  22.280447384917462  0
12.8946833876532  -13.714590760596263  22.802184186761455  1
13.680546874455755  -13.714590760596263  23.155789381758492  1
12.501751644251923  -13.321659017194985  22.133057339425566  0
12.8946833876532  -12.928727273793708  22.000957566653366  0
-2.4296546049966157  -3.8912971755643286  4.754298581304322  0
-86.90997943627124  -3.4983654321630513  90.83516219396762  0
-86.51704769286997  -3.4983654321630513  90.42186646546372  0
-3.2155180917991704  -3.4983654321630513  4.793241975127975  0
78.12135279226524  -3.105433688761774  83.0147808745063  0
-86.51704769286997  -2.7125019453604966  90.55685596186056  0
78.51428453566652  -2.7125019453604966  83.32114555791736  0
78.12135279226524  -2.3195702019592193  82.80034581509324  0
78.51428453566652  -2.3195702019592193  83.21691855276728  0
78.12135279226524  -1.9266384585579417  82.69872690678905  0
78.51428453566652  -1.9266384585579417  83.11535122894342  0
78.9072162790678  -1.9266384585579417  83.52885060369462  0
78.51428453566652  -1.5337067151566643  83.01645334848854  0
78.9072162790678  -1.5337067151566643  83.4300113590838  0
1.1067310856148804  -1.140774971755387  2.012096231609098  0
78.9072162790678  -1.140774971755387  83.33383795156536  0
79.30014802246907  -0.7478432283541098  83.65397557509621  0
79.30014802246907  -0.35491148495283237  83.56318003611221  0
79.69307976587035  -0.35491148495283237  83.97683473378152  0
79.69307976587035  0.03802025844844496  83.88872412811735  0
80.08601150927163  0.03802025844844496  84.3023841590253  0
80.87187499607418  0.03802025844844496  85.12970422263223  0
81.26480673947546  0.03802025844844496  85.54650366344625  0
80.08601150927163  0.4309520018497223  84.21694054371707  0
80.4789432526729  0.4309520018497223  84.63059280479982  0
80.87187499607418  0.4309520018497223  85.04424514206518  0
81.26480673947546  0.4309520018497223  85.45789755440691  0
81.65773848287674  0.4309520018497223  85.88251917269287  0
80.87187499607418  0.8238837452509996  84.96142985315554  0
81.26480673947546  0.8238837452509996  85.37506182065033  0
81.65773848287674  0.8238837452509996  85.79180310998001  0
82.05067022627802  0.8238837452509996  86.21326881197561  0
81.26480673947546  1.216815488652277  85.29486471938588  0
81.65773848287674  1.216815488652277  85.71154978585764  0
82.05067022627802  1.216815488652277  86.13292490464346  0
-96.3403412779019  1.6097472320535544  101.82094747328335  1
81.65773848287674  1.6097472320535544  85.63392941789276  0
82.05067022627802  1.6097472320535544  86.05520052930405  0
-97.12620476470445  2.0026789754548315  102.74548412578767  1
-96.73327302130318  2.0026789754548315  102.33184569947908  1
82.05067022627802  2.0026789754548315  85.98010278997708  0
-98.30499999490829  7.1107916396714375  105.73646301620127  1
-98.69793173830956  7.503723383072715  106.27740377019714  1
-98.30499999490829  7.503723383072715  105.86406978262696  1
-98.69793173830956  7.896655126473992  106.49226067966383  1
-98.30499999490829  7.896655126473992  105.99370180919783  1
-97.91206825150701  7.896655126473992  105.58053858005576  1
-98.69793173830956  8.289586869875269  106.6240493245642  1
-98.30499999490829  8.289586869875269  106.12535167452623  1
-97.91206825150701  8.289586869875269  105.71235489691443  1
-98.30499999490829  8.682518613276546  106.25901187876082  1
-97.91206825150701  8.682518613276546  105.84618897926711  1
-97.51913650810573  8.682518613276546  105.43338188676657  1
-98.30499999490829  9.075450356677823  106.48063836988815  1
-97.91206825150701  9.075450356677823  105.98203318317562  1
-97.51913650810573  9.075450356677823  105.56940872461027  1
-97.91206825150701  9.4683821000791  106.11987978931924  1
-97.51913650810573  9.4683821000791  105.70744530781522  1
-97.51913650810573  9.861313843480378  105.84748377375718  1
-33.471262333697524  9.861313843480378  37.4780569774405  1
-33.07833059029625  9.861313843480378  37.009967207138814  1
-32.68539884689497  9.861313843480378  36.63392069044461  1
-32.29246710349369  9.861313843480378  36.25836608379714  1
-31.89953536009242  9.861313843480378  35.88331883247055  1
-31.50660361669114  9.861313843480378  35.50879501296973  1
-34.650057563901356  10.254245586881655  39.09010588672578  1
-34.25712582050008  10.254245586881655  38.710924463906196  1
-33.8641940770988  10.254245586881655  38.332193835725946  1
-33.471262333697524  10.254245586881655  37.692636035459245  1
-33.07833059029625  10.254245586881655  37.22512530936575  1
-32.68539884689497  10.254245586881655  36.85071167333389  1
-32.29246710349369  10.254245586881655  36.47682059697927  1
-31.89953536009242  10.254245586881655  36.103468315636206  1
-31.50660361669114  10.254245586881655  35.7306717193287  1
-31.113671873289864  10.254245586881655  35.358448384719146  1
-30.720740129888586  10.254245586881655  34.98681660885239  1
-30.32780838648731  10.254245586881655  34.31903321442317  1
-29.93487664308603  10.254245586881655  33.95110186381484  1
-29.541944899684754  10.254245586881655  33.583838714550204  1
-31.89953536009242  10.647177330282933  36.32899486827347  1
-31.50660361669114  10.647177330282933  35.95795975440329  1
-31.113671873289864  10.647177330282933  35.58753103110439  1
-30.720740129888586  10.647177330282933  35.217727833189926  1
-30.32780838648731  10.647177330282933  34.62777512144632  1
-29.93487664308603  10.647177330282933  34.18177473843441  1
-29.541944899684754  10.647177330282933  33.816498288133886  1
26.647294406697906  15.755289994499538  32.01004529051389  1
26.647294406697906  16.148221737900815  32.2827103236323  1
26.25436266329663  16.541153481302093  32.255604871266584  1
26.25436266329663  17.327016968104648  32.833019407929854  1
25.86143091989535  17.719948711505925  32.83572931789662  1
-16.575197367442602  22.435129632321253  34.12831320491059  1
-16.182265624041325  22.435129632321253  33.905495681401035  1
-15.789333880640045  22.435129632321253  33.68588919008187  1
-15.396402137238768  22.435129632321253  33.469556930566526  1
-15.00347039383749  22.435129632321253  33.25656279203147  1
-21.29037828825793  22.82806137572253  37.962462771483125  0
-14.610538650436213  22.82806137572253  33.49111461331984  1
-14.217606907034936  22.82806137572253  33.28721427551773  1
-21.683310031659207  23.220993119123808  38.63386912181635  1
-14.610538650436213  23.220993119123808  33.93667110636109  1
-21.683310031659207  23.613924862525085  39.03940886810835  1
-15.00347039383749  23.613924862525085  34.670016127658826  0
-15.789333880640045  24.006856605926362  35.62304451347295  0
-15.396402137238768  24.006856605926362  35.40943484118547  0
-15.789333880640045  24.39978834932764  36.065241133918036  1
-15.789333880640045  24.792720092728917  36.50875938009975  1
-15.396402137238768  24.792720092728917  36.29921907631963  1
-15.00347039383749  24.792720092728917  36.092874321857195  1
-14.610538650436213  24.792720092728917  35.88978022728231  1
-15.00347039383749  25.185651836130194  36.54159361194886  1
-14.610538650436213  25.185651836130194  36.340436432479684  1
-14.217606907034936  25.185651836130194  36.14256565884928  1
-14.610538650436213  25.57858357953147  36.79219877142748  1
76.54962581866013  46.0110342363979  89.6149106379041  1
76.54962581866013  46.403965979799175  89.8404789616459  1
76.94255756206141  46.403965979799175  90.16465210921156  1
76.54962581866013  46.79689772320045  90.06805656438513  1
76.94255756206141  46.79689772320045  90.39101460955587  1
-37.4005797677103  57.01312305163366  86.18494228526345  1
-38.18644325451285  57.40605479503494  87.11565411664867  0
-37.793511511111575  57.40605479503494  86.86489696766682  0
-38.18644325451285  57.79898653843622  87.54499757560106  0
-37.793511511111575  57.79898653843622  87.29506088478749  0
-37.793511511111575  58.191918281837495  87.72575868394975  0
-34.25712582050008  58.191918281837495  85.53970075577949  1
54.5454481881886  96.69922913516267  120.81687032157582  0
54.93837993158988  96.69922913516267  120.93948716104187  0
55.331311674991156  96.69922913516267  121.06341835304175  0
55.72424341839243  96.69922913516267  121.18865986527791  0
54.152516444787324  97.09216087856394  121.11865951722154  0
54.5454481881886  97.09216087856394  121.23921828751055  0
54.93837993158988  97.09216087856394  121.36109231034408  0
55.331311674991156  97.09216087856394  121.48427762729855  0
55.72424341839243  97.09216087856394  121.68387147963797  0
56.11717516179371  97.09216087856394  121.80964579268719  0
56.51010690519499  97.09216087856394  121.90666207311473  0
56.903038648596265  97.09216087856394  122.0350359186233  0
57.29597039199754  97.09216087856394  122.16469945068508  0
54.152516444787324  97.48509262196522  121.54215756812235  0
54.5454481881886  97.48509262196522  121.7374440162965  0
56.903038648596265  97.48509262196522  122.45351745674533  0
54.152516444787324  97.8780243653665  122.01150309115329  0
