10.09187846376248  -418.46963363638275  419.8533028891367  0
11.591878499414673  -418.46963363638275  420.1012452396958  0
10.09187846376248  -413.9696335294262  415.3556482367327  0
10.09187846376248  -412.469633493774  414.1997349241588  0
11.591878499414673  -412.469633493774  414.4742386381795  0
-22.90812232058575  -398.96963317290425  399.8697248200939  1
-21.408122284933558  -398.96963317290425  399.7094227734598  1
-18.408122213629174  -398.96963317290425  399.4561402673362  1
-21.408122284933558  -397.46963313725206  398.2146737192161  1
70.09187988985018  -392.9696330302955  421.54658527907014  1
68.59187985419798  -391.4696329946433  419.0528084288539  1
70.09187988985018  -391.4696329946433  420.1312223460127  1
71.59187992550237  -391.4696329946433  421.2282349344766  1
68.59187985419798  -389.9696329589911  417.63472414420477  1
70.09187988985018  -389.9696329589911  418.7164556622058  1
71.59187992550237  -389.9696329589911  419.81683131080956  1
73.09187996115456  -389.9696329589911  420.9357048761632  1
70.09187988985018  -388.4696329233389  417.302291291984  1
71.59187992550237  -388.4696329233389  418.4060511280131  1
73.09187996115456  -388.4696329233389  419.5283531559578  1
71.59187992550237  -386.9696328876867  416.99590071376116  1
73.09187996115456  -386.9696328876867  418.12165261651114  1
71.59187992550237  -353.9696321033385  393.03664474631705  1
73.09187996115456  -353.9696321033385  394.34274380361995  1
-120.40812463797825  -347.9696319607297  415.5758262089597  0
-120.40812463797825  -346.4696319250775  414.3522817604053  0
-118.90812460232605  -346.4696319250775  412.71612747810036  0
-117.40812456667386  -346.4696319250775  411.09534260686985  0
-121.90812467363044  -344.96963188942533  414.78720542924276  0
-120.40812463797825  -344.96963188942533  413.13057167187986  0
-118.90812460232605  -344.96963188942533  411.48912875119026  0
-117.40812456667386  -344.96963188942533  407.34919365485405  0
-123.40812470928263  -343.46963185377314  415.24962089110363  0
-121.90812467363044  -343.46963185377314  413.57266117675033  0
-120.40812463797825  -343.46963185377314  411.91071226589986  0
-121.90812467363044  -340.46963178246875  408.56476259674866  0
-72.4081234971081  -338.96963174681656  352.42222242749347  1
-112.90812445971729  -337.46963171116437  393.3319606106197  1
-72.4081234971081  -337.46963171116437  351.02860864770173  1
-114.40812449536948  -335.9696316755122  393.64753612760353  1
-73.90812353276029  -335.9696316755122  350.43229584137174  1
-72.4081234971081  -335.9696316755122  349.6360858276706  1
-70.9081234614559  -335.9696316755122  348.8636442980769  1
-73.90812353276029  -334.46963163986  349.04605443781026  1
-72.4081234971081  -334.46963163986  347.0749962844908  1
-70.9081234614559  -334.46963163986  346.3476883762994  1
-73.90812353276029  -332.9696316042078  346.4357580195001  1
-72.4081234971081  -332.9696316042078  345.6790961197295  1
19.091878677675634  -299.96963081985956  318.6545888368968  1
22.09187874898002  -298.46963078420737  319.06152776516075  1
101.59188063854621  -298.46963078420737  379.60934505876264  1
23.59187878463221  -296.9696307485552  318.5409202373366  1
101.59188063854621  -296.9696307485552  378.3303830772224  1
103.0918806741984  -295.469630712903  378.9153733514004  1
104.5918807098506  -293.9696306772508  379.5266420982009  1
104.5918807098506  -292.4696306415986  378.26303225658404  1
106.09188074550279  -292.4696306415986  380.164062557565  1
106.09188074550279  -290.9696306059464  378.9073689633219  1
26.591878855936596  -284.96963046333764  310.6080995034812  1
26.591878855936596  -283.46963042768544  309.0782981493112  1
97.09188053158964  -281.96963039203325  363.51441172350604  0
76.09188003245895  -274.4696302137723  341.1051819230109  0
-160.90812560058745  -272.9696301781201  413.8374660770669  0
-160.90812560058745  -271.4696301424679  412.8935234483212  0
-162.40812563623965  -269.9696301068157  414.22242948383314  0
-106.90812431710852  -259.46962985725037  301.30035420449855  1
-103.90812424580413  -259.46962985725037  296.87350738314046  1
-106.90812431710852  -257.9696298215982  300.1640969739252  1
-108.40812435276071  -256.469629785946  300.5261663767591  1
-106.90812431710852  -256.469629785946  297.4154894460514  1
-108.40812435276071  -254.96962975029376  299.40680958900884  1
-105.40812428145632  -253.46962971464157  293.3012305202394  1
-106.90812431710852  -250.46962964333719  292.50503859027845  1
-108.40812435276071  -248.969629607685  292.8898938891492  1
-106.90812431710852  -248.969629607685  291.38765413080614  1
-108.40812435276071  -247.4696295720328  291.78637018933284  1
-171.4081258501528  -242.96962946507622  412.3812900172181  0
-169.9081258145006  -242.96962946507622  407.2159767411064  0
-171.4081258501528  -241.46962942942403  411.54662040155813  0
-169.9081258145006  -241.46962942942403  406.3860287984197  0
-172.908125885805  -239.96962939377184  413.1531037890029  0
-171.4081258501528  -239.96962939377184  407.9802602776438  0
-169.9081258145006  -239.96962939377184  405.5599533736273  0
-172.908125885805  -238.46962935811965  412.3313641325917  0
-171.4081258501528  -238.46962935811965  407.1635584717676  0
-174.40812592145718  -236.96962932246745  413.96871186969406  0
-172.908125885805  -236.96962932246745  411.5134630958913  0
-171.4081258501528  -236.96962932246745  406.3507753101421  0
-174.40812592145718  -235.46962928681526  413.15993917649246  0
-172.908125885805  -235.46962928681526  407.9861533691994  0
-177.40812599276157  -226.4696290729021  413.3939422553806  0
-177.40812599276157  -224.96962903724992  412.6231576258929  0
-178.90812602841376  -223.46962900159772  414.3786026644143  0
-177.40812599276157  -223.46962900159772  411.8564054285506  0
-177.40812599276157  -221.96962896594553  408.4560255090047  0
-72.4081234971081  -209.969628680728  226.5104163992467  0
-73.90812353276029  -208.4696286450758  226.23788238710287  0
-130.9081248875436  -154.46962736159688  261.7081886301704  1
-130.9081248875436  -152.96962732594469  261.17108378872183  1
-124.90812474493482  -152.96962732594469  250.2262416132272  1
-130.9081248875436  -151.4696272902925  260.64263774802123  1
-129.40812485189142  -151.4696272902925  258.268388968832  1
-127.90812481623921  -151.4696272902925  254.32038508054464  1
-129.40812485189142  -149.9696272546403  256.75754248492836  1
-132.4081249231958  -133.46962686246619  256.54275061250206  1
-133.908124958848  -131.969626826814  259.61722005009125  1
-132.4081249231958  -131.969626826814  256.14523245709984  1
-130.9081248875436  -131.969626826814  253.05007851204977  1
-129.40812485189142  -131.969626826814  250.55817691012274  1
-133.908124958848  -130.4696267911618  259.2337514576252  1
-132.4081249231958  -130.4696267911618  255.75710447021055  1
-130.9081248875436  -130.4696267911618  252.65531764024513  1
-129.40812485189142  -130.4696267911618  250.15376488419537  1
-0.4081217858028662  -73.46962543637851  76.16123042716579  1
-1.9081218214550586  -71.96962540072631  74.04291140380835  1
-0.4081217858028662  -71.96962540072631  74.65969430865543  1
1.091878249849326  -70.46962536507412  73.82910833516878  1
2.5918782855015183  -70.46962536507412  74.66943810851912  1
-0.4081217858028662  -68.96962532942193  71.53993224298691  1
1.091878249849326  -68.96962532942193  72.26978203225364  1
2.5918782855015183  -68.96962532942193  73.11302084755417  1
-18.408122213629174  -67.46962529376974  70.98875621199949  1
1.091878249849326  -67.46962529376974  70.7104841690232  1
2.5918782855015183  -67.46962529376974  71.55675835644331  1
4.091878321153711  -67.46962529376974  72.51482405550823  1
5.591878356805903  -67.46962529376974  73.58031467702975  1
-18.408122213629174  -65.96962525811755  69.64094299187225  1
2.5918782855015183  -65.96962525811755  70.00066095777427  1
4.091878321153711  -65.96962525811755  70.96426740945506  1
5.591878356805903  -65.96962525811755  72.03745500082115  1
7.091878392458096  -65.96962525811755  73.21540526726167  1
5.591878356805903  -64.46962522246535  70.49534847870063  1
-30.408122498846712  -56.969625044204385  73.77791116531066  1
-28.90812246319452  -55.46962500855219  70.97755247100048  1
5.591878356805903  -55.46962500855219  61.25500466463937  1
7.091878392458096  -55.46962500855219  62.51263491241626  1
7.091878392458096  -53.9696249729  60.991317407221146  1
8.591878428110288  -53.9696249729  62.3781643606936  1
10.09187846376248  -53.9696249729  63.87302828185848  1
8.591878428110288  -52.46962493724781  60.87544528073577  1
10.09187846376248  -52.46962493724781  62.38874181522767  1
11.591878499414673  -52.46962493724781  64.00409475439515  1
10.09187846376248  -50.969624901595616  60.90823204007673  1
11.591878499414673  -50.969624901595616  62.544293793899904  1
-162.40812563623965  -43.469624723334654  315.148670837454  0
22.09187874898002  -38.96962461637808  66.37145576692147  1
22.09187874898002  -37.469624580725885  65.09657959817426  1
17.591878642023442  -35.96962454507369  56.743873522066394  1
-171.4081258501528  -34.4696245094215  335.9580365159501  1
17.591878642023442  -34.4696245094215  55.34583979589911  1
-171.4081258501528  -32.96962447376931  336.089579317494  1
19.091878677675634  -32.96962447376931  56.64917448328707  1
19.091878677675634  -31.469624438117116  55.32681322761944  1
17.591878642023442  -22.46962422420396  46.04070099361255  1
22.09187874898002  -22.46962422420396  54.087315191954374  1
23.59187878463221  -22.46962422420396  56.903456151049944  1
22.09187874898002  -20.96962418855177  53.142862707809655  1
23.59187878463221  -20.96962418855177  55.88088508219987  1
19.091878677675634  -19.469624152899577  46.683787835256524  1
20.591878713327826  -19.469624152899577  49.4873484324944  1
22.09187874898002  -19.469624152899577  52.22768239983878  1
23.59187878463221  -19.469624152899577  54.99202796663389  1
25.091878820284403  -19.469624152899577  57.907341851877604  1
19.091878677675634  -17.969624117247385  45.757204793181955  1
20.591878713327826  -17.969624117247385  48.57491626010853  1
22.09187874898002  -17.969624117247385  51.343339519961724  1
23.59187878463221  -17.969624117247385  54.133295739750935  1
25.091878820284403  -17.969624117247385  57.02199452347998  1
26.591878855936596  -17.969624117247385  59.88246947471117  1
20.591878713327826  -16.469624081595192  47.695786769663975  1
22.09187874898002  -16.469624081595192  50.491454339162715  1
23.59187878463221  -16.469624081595192  53.30614423444696  1
25.091878820284403  -16.469624081595192  56.209117213146385  1
26.591878855936596  -16.469624081595192  59.08610340035094  1
23.59187878463221  -14.969624045943002  52.5120657430965  1
25.091878820284403  -14.969624045943002  55.364402928550504  1
-6.408121928411635  -11.969623974638617  15.312642840961079  0
-4.908121892759443  -11.969623974638617  13.706403377122435  0
-3.408121857107251  -11.969623974638617  12.601313411068107  0
-1.9081218214550586  -11.969623974638617  12.135050009890982  0
-0.4081217858028662  -11.969623974638617  12.379999369559526  0
1.091878249849326  -11.969623974638617  13.296928684533743  0
2.5918782855015183  -11.969623974638617  14.761156091426567  0
4.091878321153711  -11.969623974638617  16.56825746975107  0
-7.908121964063827  -10.469623938986425  16.626927575014264  0
-6.408121928411635  -10.469623938986425  14.416605814943505  0
-4.908121892759443  -10.469623938986425  12.60068311370684  0
-3.408121857107251  -10.469623938986425  11.280745394489514  0
-0.4081217858028662  -10.469623938986425  10.808679277719442  0
1.091878249849326  -10.469623938986425  11.744018963672353  0
2.5918782855015183  -10.469623938986425  13.287435310202106  0
4.091878321153711  -10.469623938986425  15.25547964678996  0
5.591878356805903  -10.469623938986425  17.44792405342058  0
-9.40812199971602  -8.969623903334233  18.742787335138154  0
-7.908121964063827  -8.969623903334233  15.97533808038041  0
-6.408121928411635  -8.969623903334233  13.644071131044821  0
-4.908121892759443  -8.969623903334233  11.6038585382102  0
-0.4081217858028662  -8.969623903334233  9.238571937508011  0
1.091878249849326  -8.969623903334233  10.197850374082709  0
2.5918782855015183  -8.969623903334233  11.839791079579072  0
4.091878321153711  -8.969623903334233  13.924974953493017  0
5.591878356805903  -8.969623903334233  16.233895078297017  0
7.091878392458096  -8.969623903334233  18.609063056446207  0
14.591878570719057  -8.969623903334233  32.27584886965175  0
17.591878642023442  -8.969623903334233  38.039940252462046  0
-7.908121964063827  -7.46962386768204  15.522375435360463  0
-6.408121928411635  -7.46962386768204  13.017046928122387  0
-1.9081218214550586  -7.46962386768204  7.757502908525427  0
-0.4081217858028662  -7.46962386768204  7.670422118888485  0
1.091878249849326  -7.46962386768204  8.662033571563702  0
2.5918782855015183  -7.46962386768204  10.429088003255297  0
4.091878321153711  -7.46962386768204  12.650719026836205  0
5.591878356805903  -7.46962386768204  15.127960049032477  0
7.091878392458096  -7.46962386768204  17.58430699620071  0
13.091878535066865  -7.46962386768204  28.672117882048077  0
14.591878570719057  -7.46962386768204  31.55070373732959  0
16.09187860637125  -7.46962386768204  34.44541122717675  0
17.591878642023442  -7.46962386768204  37.3671209222709  0
-7.908121964063827  -5.969623832029848  15.219641481659274  0
-6.408121928411635  -5.969623832029848  12.55734916378741  0
-4.908121892759443  -5.969623832029848  10.063603439664941  0
-1.9081218214550586  -5.969623832029848  6.397822254014149  0
-0.4081217858028662  -5.969623832029848  6.115741863405256  0
1.091878249849326  -5.969623832029848  7.168542117674529  0
2.5918782855015183  -5.969623832029848  9.07257442292901  0
4.091878321153711  -5.969623832029848  11.451503750941022  0
5.591878356805903  -5.969623832029848  14.053535949225747  0
7.091878392458096  -5.969623832029848  16.743018428743863  0
8.591878428110288  -5.969623832029848  19.439769933909155  0
10.09187846376248  -5.969623832029848  22.281126597263444  0
11.591878499414673  -5.969623832029848  25.151956127216003  0
13.091878535066865  -5.969623832029848  27.97620840922837  0
14.591878570719057  -5.969623832029848  30.8865739981904  0
16.09187860637125  -5.969623832029848  33.80792147788732  0
-4.908121892759443  -4.469623796377656  9.593248468373142  0
-3.408121857107251  -4.469623796377656  7.094943009312065  0
-1.9081218214550586  -4.469623796377656  5.175108584323342  0
1.091878249849326  -4.469623796377656  5.675861149595764  0
2.5918782855015183  -4.469623796377656  7.798579039204365  0
4.091878321153711  -4.469623796377656  10.353436150280707  0
8.591878428110288  -4.469623796377656  18.664302530323297  0
10.09187846376248  -4.469623796377656  21.55690049150511  0
11.591878499414673  -4.469623796377656  24.467775079369353  0
14.591878570719057  -4.469623796377656  30.28747360340658  0
2.5918782855015183  -2.969623760725463  6.671303211500561  0
4.091878321153711  -2.969623760725463  9.392058105667957  0
2.5918782855015183  -1.4696237250732709  5.726388685429162  0
7.091878392458096  1.5303763462311137  13.66736715447259  1
7.091878392458096  3.0303763818833063  13.518728655567678  1
208.09188316985185  3.0303763818833063  415.9630529835748  0
7.091878392458096  4.530376417535498  13.552695729147706  1
-4.908121892759443  6.0303764531876904  12.891980142034507  1
-3.408121857107251  6.0303764531876904  10.379508902079614  1
-1.9081218214550586  6.0303764531876904  8.173427559251476  1
1.091878249849326  6.0303764531876904  6.129637396418415  1
2.5918782855015183  6.0303764531876904  6.998915522851241  1
4.091878321153711  6.0303764531876904  8.85897610734292  1
5.591878356805903  6.0303764531876904  11.191458583959808  1
7.091878392458096  6.0303764531876904  13.767920180014606  1
-6.408121928411635  7.530376488839883  16.543849647669408  1
-4.908121892759443  7.530376488839883  14.022865525648143  1
-3.408121857107251  7.530376488839883  11.64999107824154  1
-1.9081218214550586  7.530376488839883  9.609555022857297  1
1.091878249849326  7.530376488839883  7.629212897000004  1
4.091878321153711  7.530376488839883  9.706795406754965  1
5.591878356805903  7.530376488839883  11.770271192654313  1
7.091878392458096  7.530376488839883  14.156139938961056  1
-6.408121928411635  9.030376524492075  17.484407336794902  1
-4.908121892759443  9.030376524492075  15.23282067769522  1
-3.408121857107251  9.030376524492075  12.987335202620244  1
-1.9081218214550586  9.030376524492075  11.083441938371926  1
-0.4081217858028662  9.030376524492075  9.723899564810914  1
2.5918782855015183  9.030376524492075  9.518120686981316  1
4.091878321153711  9.030376524492075  10.720211355168068  1
5.591878356805903  9.030376524492075  12.521601458118042  1
7.091878392458096  9.030376524492075  14.703660427613901  1
8.591878428110288  9.030376524492075  17.36580137920246  1
-6.408121928411635  10.530376560144267  18.624169175178935  1
-4.908121892759443  10.530376560144267  16.447694475523694  1
-3.408121857107251  10.530376560144267  14.372889887560188  1
-1.9081218214550586  10.530376560144267  12.58182535286474  1
-0.4081217858028662  10.530376560144267  11.294440784166868  1
1.091878249849326  10.530376560144267  10.694192159424595  1
2.5918782855015183  10.530376560144267  10.8952206505082  1
4.091878321153711  10.530376560144267  11.85683658960509  1
5.591878356805903  10.530376560144267  13.416496760691693  1
7.091878392458096  10.530376560144267  15.393493526157414  1
8.591878428110288  10.530376560144267  17.908923449978168  1
-4.908121892759443  12.03037659579646  17.571293340690197  1
-3.408121857107251  12.03037659579646  15.79397224512787  1
-1.9081218214550586  12.03037659579646  14.09689605673801  1
-0.4081217858028662  12.03037659579646  12.866043022959547  1
1.091878249849326  12.03037659579646  12.242831467360595  1
2.5918782855015183  12.03037659579646  12.31980295570482  1
4.091878321153711  12.03037659579646  13.084600396154906  1
5.591878356805903  12.03037659579646  14.428267292102547  1
7.091878392458096  12.03037659579646  16.263889508980462  1
8.591878428110288  12.03037659579646  18.56773940492866  1
-4.908121892759443  13.530376631448652  18.906342422719966  1
-3.408121857107251  13.530376631448652  17.178808713602947  1
-1.9081218214550586  13.530376631448652  15.62380017132947  1
-0.4081217858028662  13.530376631448652  14.438359811368894  1
1.091878249849326  13.530376631448652  13.797412733924734  1
2.5918782855015183  13.530376631448652  13.777146073675773  1
4.091878321153711  13.530376631448652  14.38017692112049  1
5.591878356805903  13.530376631448652  15.534091637749782  1
7.091878392458096  13.530376631448652  17.359827096026894  1
-3.408121857107251  15.030376667100844  18.442330312157992  1
-1.9081218214550586  15.030376667100844  17.102086086439886  1
-0.4081217858028662  15.030376667100844  15.968437981952157  1
1.091878249849326  15.030376667100844  15.356131468157336  1
2.5918782855015183  15.030376667100844  15.257865495268547  1
4.091878321153711  15.030376667100844  15.726815373462905  1
5.591878356805903  15.030376667100844  16.753023963266465  1
-94.90812403189098  19.530376774057423  193.76810784700433  0
-67.90812339015152  27.030376952318385  143.70929155485226  1
-178.90812602841376  36.03037716623154  363.37415997046753  0
-180.40812606406595  37.53037720188373  366.46993907820814  0
-178.90812602841376  37.53037720188373  363.72755517623034  0
-181.90812609971815  39.03037723753592  369.5412275738206  0
-180.40812606406595  39.03037723753592  366.81171286770723  0
-178.90812602841376  39.03037723753592  364.08693689268415  0
-181.90812609971815  40.530377273188115  369.87306326694073  0
-180.40812606406595  40.530377273188115  367.15942169874756  0
34.091879034197554  49.53037748710127  74.56542913420114  0
22.09187874898002  67.53037791492757  73.41021168370906  0
23.59187878463221  67.53037791492757  74.55693840804247  0
25.091878820284403  67.53037791492757  75.80269039786174  0
26.591878855936596  67.53037791492757  77.4243193455927  0
20.591878713327826  69.03037795057976  73.67784517197188  0
22.09187874898002  69.03037795057976  74.68784712775229  0
23.59187878463221  69.03037795057976  75.80077212756942  0
25.091878820284403  69.03037795057976  77.26729191909106  0
22.09187874898002  70.53037798623195  75.97602819174324  0
23.59187878463221  70.53037798623195  77.28301267495016  0
25.091878820284403  70.53037798623195  78.48586959818974  0
22.09187874898002  72.03037802188415  77.47137516727878  0
23.59187878463221  72.03037802188415  78.54559507589369  0
-199.90812652754445  76.53037812884072  409.9339648606111  0
-201.40812656319665  78.03037816449292  413.2196183791451  0
-199.90812652754445  78.03037816449292  410.2748082929493  0
-198.40812649189226  78.03037816449292  407.92141901092504  0
89.59188035332868  87.03037837840607  178.05006540040162  0
88.09188031767648  88.53037841405826  175.91082755110088  0
86.59188028202429  90.03037844971045  174.13903288863463  0
88.09188031767648  90.03037844971045  176.3569298539689  0
88.09188031767648  96.03037859231922  177.81512833524403  0
89.59188035332868  96.03037859231922  180.3056507617892  0
88.09188031767648  97.53037862797142  178.32084309800297  0
-31.908122534498904  148.53037984014597  181.66450999823536  0
-31.908122534498904  150.03037987579816  183.14202366408801  0
-34.90812260580329  151.53037991145035  189.13737698068175  0
-33.4081225701511  151.53037991145035  186.6159694181207  0
-31.908122534498904  151.53037991145035  184.6210291812318  0
-30.408122498846712  151.53037991145035  182.98579006101858  0
-34.90812260580329  153.03037994710255  190.61178588584835  0
-33.4081225701511  153.03037994710255  188.90358291713432  0
-31.908122534498904  153.03037994710255  186.4261587381473  0
-30.408122498846712  153.03037994710255  184.47304643148834  0
-34.90812260580329  154.53037998275474  192.08777860170522  0
-33.4081225701511  154.53037998275474  190.38641475123399  0
-31.908122534498904  154.53037998275474  188.71619747409767  0
-30.408122498846712  154.53037998275474  186.28386109900788  0
-28.90812246319452  154.53037998275474  184.37330435792805  0
-33.4081225701511  156.03038001840693  191.87070236592916  0
-31.908122534498904  156.03038001840693  190.20710871304027  0
-30.408122498846712  156.03038001840693  188.57535895974573  0
-28.90812246319452  156.03038001840693  186.18918533986118  0
-27.408122427542327  156.03038001840693  184.3218812421054  0
-31.908122534498904  157.53038005405912  191.69935169968193  0
-30.408122498846712  157.53038005405912  190.07399809792344  0
-28.90812246319452  157.53038005405912  188.48117167195898  0
-27.408122427542327  157.53038005405912  186.1422040133515  0
-25.908122391890135  157.53038005405912  184.31881749007607  0
-31.908122534498904  159.03038008971131  193.19289557412594  0
-30.408122498846712  159.03038008971131  191.57384925869582  0
-28.90812246319452  159.03038008971131  189.98717995747967  0
-27.408122427542327  159.03038008971131  188.4337055135718  0
-25.908122391890135  159.03038008971131  186.1429531081431  0
-24.408122356237943  159.03038008971131  184.3641154738505  0
-30.408122498846712  160.5303801253635  193.07488419603055  0
-28.90812246319452  160.5303801253635  191.49428514134598  0
-27.408122427542327  160.5303801253635  189.94671771563935  0
-25.908122391890135  160.5303801253635  188.43299573351095  0
-24.408122356237943  160.5303801253635  186.1914319112036  0
-30.408122498846712  162.0303801610157  194.577075513543  0
-28.90812246319452  162.0303801610157  193.0024615271962  0
-27.408122427542327  162.0303801610157  191.46071656623664  0
-25.908122391890135  162.0303801610157  189.9526409374289  0
-30.408122498846712  163.5303801966679  196.45826543245  0
-28.90812246319452  163.5303801966679  194.51168419765008  0
-27.408122427542327  163.5303801966679  192.97567884280227  0
-25.908122391890135  163.5303801966679  191.47316766679825  0
-30.408122498846712  165.03038023232008  199.02039314012393  0
-28.90812246319452  165.03038023232008  196.39689582481773  0
-27.408122427542327  165.03038023232008  194.49158203178243  0
-25.908122391890135  165.03038023232008  192.99455508589364  0
-28.90812246319452  166.53038026797228  198.95699454873392  0
-27.408122427542327  166.53038026797228  196.38021860670506  0
-25.908122391890135  166.53038026797228  194.51678299923697  0
-24.408122356237943  166.53038026797228  193.05907680044413  0
-27.408122427542327  168.03038030362447  198.93724742477843  0
-124.90812474493482  178.53038055318981  334.71139026627606  1
-124.90812474493482  180.030380588842  335.7652986554013  1
-7.908121964063827  180.030380588842  193.60683877730148  0
-6.408121928411635  180.030380588842  192.6323315097888  0
-6.408121928411635  181.5303806244942  194.2033911517387  0
-4.908121892759443  181.5303806244942  193.2709738046148  0
-3.408121857107251  181.5303806244942  192.37963783550822  0
-6.408121928411635  183.0303806601464  196.0712302598819  0
-4.908121892759443  183.0303806601464  194.84334473854636  0
-3.408121857107251  183.0303806601464  193.95294839739296  0
-6.408121928411635  184.53038069579858  198.46249903389514  0
-4.908121892759443  184.53038069579858  196.70601096081626  0
-3.408121857107251  184.53038069579858  195.5262732886892  0
-6.408121928411635  186.03038073145078  200.0416469757943  0
-4.908121892759443  186.03038073145078  199.07984031849662  0
-3.408121857107251  186.03038073145078  198.1575102033626  0
-6.408121928411635  187.53038076710297  201.62084109126164  0
-4.908121892759443  187.53038076710297  200.66021690808674  0
-4.908121892759443  189.03038080275516  202.240620334973  0
83.5918802107199  190.53038083840735  220.1067118252456  0
-6.408121928411635  192.03038087405955  206.64683582467921  0
77.59188006811114  192.03038087405955  216.28197982041212  0
79.09188010376333  192.03038087405955  217.5684783048653  0
80.59188013941552  192.03038087405955  218.5217228706703  0
83.5918802107199  192.03038087405955  221.22909449220185  0
77.59188006811114  193.53038090971174  217.46084407166487  0
79.09188010376333  193.53038090971174  218.38353184536618  0
80.59188013941552  193.53038090971174  219.67650809089366  0
82.09188017506771  193.53038090971174  221.0012821167054  0
79.09188010376333  195.03038094536393  219.55701235534855  0
80.59188013941552  195.03038094536393  220.83680761517695  0
79.09188010376333  196.53038098101612  220.73581248736787  0
80.59188013941552  196.53038098101612  222.0025349796786  0
115.09188095941595  295.5303833340608  346.1788822712816  0
116.59188099506814  295.5303833340608  347.7200226463308  0
118.09188103072033  295.5303833340608  351.8872957817902  0
113.59188092376375  297.030383369713  345.8260552172561  0
115.09188095941595  297.030383369713  347.34087747497495  0
116.59188099506814  297.030383369713  351.4440449589848  0
113.59188092376375  298.53038340536517  346.9982228507756  0
115.09188095941595  298.53038340536517  348.5057186631542  0
116.59188099506814  298.53038340536517  353.44939554435894  0
112.09188088811156  300.03038344101736  346.6921665755601  0
113.59188092376375  300.03038344101736  348.173170959979  0
115.09188095941595  300.03038344101736  352.2021572967567  0
116.59188099506814  300.03038344101736  354.60822391036305  0
110.59188085245937  301.53038347666956  346.4228052485194  0
112.09188088811156  301.53038347666956  347.87711643972983  0
113.59188092376375  301.53038347666956  351.8398063121459  0
115.09188095941595  301.53038347666956  354.2093996389955  0
110.59188085245937  303.03038351232175  347.61764794153214  0
112.09188088811156  303.03038351232175  351.5130676042333  0
113.59188092376375  303.03038351232175  353.8457383759438  0
115.09188095941595  303.03038351232175  355.38070322623474  0
110.59188085245937  304.53038354797394  351.2220404451281  0
112.09188088811156  304.53038354797394  353.51734832641273  0
109.09188081680718  306.03038358362613  350.96681355324847  0
110.59188085245937  306.03038358362613  352.41964306144763  0
109.09188081680718  307.5303836192783  352.1738682759145  0
110.59188085245937  307.5303836192783  354.4242360339871  0
109.09188081680718  309.0303836549305  354.1760001827379  0
110.59188085245937  309.0303836549305  355.62661772140814  0
109.09188081680718  310.5303836905827  355.38764817134665  0
110.59188085245937  310.5303836905827  356.8314476023319  0
109.09188081680718  312.0303837262349  356.6016831795455  0
110.59188085245937  313.5303837618871  361.54923209865956  0
109.09188081680718  316.5303838331915  362.51996183114227  0
107.59188078115498  321.03038394014806  365.5036578935703  0
107.59188078115498  322.53038397580025  366.7381828886129  0
109.09188081680718  324.03038401145244  371.7017746505634  0
109.09188081680718  325.53038404710463  373.65755241295074  0
109.09188081680718  327.0303840827568  374.89118425189156  0
104.5918807098506  334.5303842610178  376.9019280256557  0
107.59188078115498  334.5303842610178  381.8397812508432  0
103.0918806741984  336.03038429667  376.8125242533315  0
104.5918807098506  336.03038429667  380.2654161040648  0
106.09188074550279  336.03038429667  381.6689549658363  0
104.5918807098506  337.53038433232217  381.5297728298476  0
106.09188074550279  337.53038433232217  382.92756508868376  0
103.0918806741984  339.03038436797436  381.42226941156986  0
104.5918807098506  339.03038436797436  382.79590248734337  0
106.09188074550279  339.03038436797436  384.91018647054455  0
103.0918806741984  340.53038440362656  382.6958184785069  0
104.5918807098506  340.53038440362656  384.7764060794481  0
101.59188063854621  342.03038443927875  382.62733776942116  0
103.0918806741984  342.03038443927875  384.673934184953  0
104.5918807098506  342.03038443927875  386.0461528403005  0
-37.90812267710768  343.53038447493094  364.08847681917905  1
101.59188063854621  343.53038447493094  384.6027956199206  0
103.0918806741984  343.53038447493094  385.9509641569878  0
100.09188060289402  345.03038451058313  384.56300757901784  0
101.59188063854621  345.03038451058313  385.8870082053933  0
104.5918807098506  345.03038451058313  390.69233610713644  0
98.59188056724183  346.5303845462353  384.55457959795194  0
100.09188060289402  346.5303845462353  385.85430032312763  0
103.0918806741984  346.5303845462353  390.5806159488578  0
101.59188063854621  348.0303845818875  390.49943314448024  0
100.09188060289402  349.5303846175397  390.4488066757335  0
-46.90812289102083  351.0303846531919  374.9849125376996  0
88.09188031767648  351.0303846531919  377.7024869772201  0
98.59188056724183  351.0303846531919  390.42874836229396  0
85.0918802463721  352.5303846888441  376.91582560733127  0
86.59188028202429  352.5303846888441  379.6400843303942  0
89.59188035332868  352.5303846888441  381.8820814873948  0
83.5918802107199  354.0303847244963  377.24075008512176  0
86.59188028202429  354.0303847244963  380.9856911621006  0
88.09188031767648  354.0303847244963  382.0915307367088  0
85.0918802463721  355.5303847601485  381.25202988464923  0
86.59188028202429  355.5303847601485  382.33251838343074  0
-54.40812306928179  363.03038493840944  389.4079769124845  0
-52.9081230336296  363.03038493840944  388.34286427388304  0
-24.408122356237943  363.03038493840944  374.8125807141345  0
-22.90812232058575  363.03038493840944  374.1049245244201  0
-52.9081230336296  364.53038497406163  388.5769521333789  0
-24.408122356237943  364.53038497406163  375.33148924877224  0
-24.408122356237943  366.0303850097138  376.82969100383673  0
-49.908122962325216  369.0303850810182  390.9253462816658  0
-28.90812246319452  385.5303854731923  394.79527780673766  1
-28.90812246319452  387.0303855088445  396.283732865038  1
-27.408122427542327  387.0303855088445  395.6606833845084  1
-45.40812285536864  402.03038586536644  415.15872104952143  0
-43.908122819716446  403.53038590101863  415.88943427418667  0
