-21.598853899947112  -30.78043865330627  45.09279424276946  1
-23.65168419290681  -29.240815933586497  44.64963687504771  1
-23.138476619666886  -29.240815933586497  44.343601573992444  1
-24.164891766146734  -28.727608360346572  44.43283447388349  1
-25.704514485866508  -28.214400787106648  44.87988391744195  1
-19.03281603374749  -25.1351553476671  37.747177850915364  0
-19.546023606987415  -24.621947774427177  37.514100421639725  0
-20.572438753467264  -24.108740201187253  37.61648348668187  0
-20.05923118022734  -24.108740201187253  37.29589176255333  0
-21.085646326707188  -23.59553262794733  37.421586372590276  0
-20.572438753467264  -23.59553262794733  37.092814284173656  0
-24.164891766146734  -22.055909908227555  38.011480008896356  0
-24.164891766146734  -21.54270233498763  37.53026442121028  0
33.827564009964725  -20.516287188507782  40.74036232458592  1
-30.323382645025827  -17.95024932230816  39.195864882918194  0
-31.349797791505676  -17.437041749068236  39.67441772006309  0
-30.83659021826575  -17.437041749068236  39.238176191934926  0
-26.730929632346356  -12.818173589908914  32.51579378181752  1
-26.217722059106432  -12.818173589908914  32.10004244604446  1
-25.704514485866508  -12.818173589908914  31.646863554725705  1
-27.757344778826205  -12.30496601666899  33.046918308159604  1
-28.27055235206613  -11.278550870189141  32.9089041627556  1
-21.085646326707188  -11.278550870189141  26.467650381135822  1
-20.572438753467264  -11.278550870189141  26.02525507338403  1
14.83888380008752  -11.278550870189141  19.452503043668287  1
8.167185347968504  -9.738928150469368  13.682086013085875  1
8.680392921208428  -9.738928150469368  13.95615958584743  1
9.193600494448352  -9.738928150469368  14.244279726160132  1
9.706808067688277  -9.738928150469368  14.545611627280952  1
6.114355055008805  -9.225720577229444  12.201551531489713  1
6.62756262824873  -9.225720577229444  12.42290942944878  1
7.140770201488654  -9.225720577229444  12.66213675361434  1
7.653977774728578  -9.225720577229444  12.918240734818681  1
-13.38753272810832  -8.71251300398952  18.02383817640409  1
-12.874325154868396  -8.71251300398952  17.622337074727294  1
-2.0969661168299845  -8.71251300398952  11.058854556561482  0
-15.953570594307942  -8.199305430749595  19.808778358091665  1
-15.440363021068018  -8.199305430749595  19.361748511928017  1
-13.900740301348245  -8.199305430749595  18.044130575918032  1
-13.38753272810832  -8.199305430749595  17.6298344290605  1
-3.6365888365497576  -8.199305430749595  11.073152285717264  1
6.114355055008805  -8.199305430749595  11.049069039990584  0
-15.953570594307942  -7.6860978575096714  19.448887340405037  1
-15.440363021068018  -7.6860978575096714  18.994988630207082  1
-14.927155447828094  -7.6860978575096714  18.544560436519138  1
-14.41394787458817  -7.6860978575096714  18.097861888759738  1
-13.900740301348245  -7.6860978575096714  17.671537164712255  1
-3.6365888365497576  -7.6860978575096714  10.488564057684313  1
-3.1233812633098332  -7.6860978575096714  10.249866666605918  1
5.601147481768881  -7.6860978575096714  10.297679450925543  0
6.114355055008805  -7.6860978575096714  10.54077977015506  0
-1.5837585435900603  -7.172890284269747  9.058782092035413  0
5.601147481768881  -7.172890284269747  9.78558220269673  0
6.114355055008805  -7.172890284269747  10.04536158881171  0
6.62756262824873  -7.172890284269747  10.325570750537352  0
-1.5837585435900603  -6.659682711029823  8.443205457782506  0
5.601147481768881  -6.659682711029823  9.286989600416584  0
6.114355055008805  -6.659682711029823  9.564814702118984  0
6.62756262824873  -6.659682711029823  9.863043940830135  0
7.140770201488654  -6.659682711029823  10.179884173646837  0
-24.164891766146734  -6.146475137789898  26.24697345837928  0
6.62756262824873  -6.146475137789898  9.418970164308547  0
7.140770201488654  -6.146475137789898  9.75465209681752  0
6.62756262824873  -5.633267564549974  8.996082494142382  0
16.378506519807292  -5.1200599913100495  17.17589550455481  1
-20.05923118022734  -4.606852418070125  21.572796604440132  1
-15.440363021068018  -4.606852418070125  17.186624687652426  0
-14.927155447828094  -4.606852418070125  16.69480314374177  0
-14.41394787458817  -4.606852418070125  16.2048186683285  0
-19.546023606987415  -4.093644844830201  20.859411649112914  1
-15.953570594307942  -4.093644844830201  17.431714670246663  0
-15.440363021068018  -4.093644844830201  16.932908309328887  0
0.9822793226095617  -4.093644844830201  4.916314290302214  1
1.495486895849486  -4.093644844830201  4.979857428267435  1
-20.05923118022734  -3.580437271590276  21.168487947714333  1
-19.546023606987415  -3.580437271590276  20.662173989876383  1
-15.440363021068018  -3.580437271590276  16.698951575356233  0
-5.176211556269531  -3.580437271590276  7.31116777564149  0
0.9822793226095617  -3.580437271590276  4.31034144886649  1
1.495486895849486  -3.580437271590276  4.393026119798943  1
2.0086944690894106  -3.580437271590276  4.536391039568516  1
2.521902042329335  -3.580437271590276  4.734927606557776  1
-20.05923118022734  -3.0672296983503515  20.99170515753505  1
-19.546023606987415  -3.0672296983503515  20.482362591672217  1
-15.440363021068018  -3.0672296983503515  16.485595701683444  0
-5.689419129509456  -3.0672296983503515  7.3482187532922225  0
-5.176211556269531  -3.0672296983503515  6.895937744162236  0
2.0086944690894106  -3.0672296983503515  3.9925435377541216  1
3.0351096155692594  -3.0672296983503515  4.512641010685215  1
-22.112061473187037  -2.554022125110427  22.88990227899096  1
-21.598853899947112  -2.554022125110427  22.375163816636935  1
-21.085646326707188  -2.554022125110427  21.860659804229943  1
-20.572438753467264  -2.554022125110427  21.346407194339964  1
-20.05923118022734  -2.554022125110427  20.834163500811425  1
-19.546023606987415  -2.554022125110427  20.33482158071376  1
-15.440363021068018  -2.554022125110427  16.293649896395017  0
-5.689419129509456  -2.554022125110427  6.984380489783831  0
-21.598853899947112  -2.0408145518705028  22.239581159623285  1
-15.440363021068018  -2.0408145518705028  16.123878708813095  0
-5.689419129509456  -2.0408145518705028  6.658814934950387  0
5.0879399085289565  -2.0408145518705028  5.482993092334705  0
5.601147481768881  -2.0408145518705028  5.961407803290813  0
-21.598853899947112  -1.5276069786305786  22.12106259981961  1
-16.46677816754787  -1.5276069786305786  17.012751044510857  0
-15.440363021068018  -1.5276069786305786  15.97698893067226  0
-6.20262670274938  -1.5276069786305786  6.885233382855155  0
5.0879399085289565  -1.5276069786305786  5.3181518423928065  0
5.601147481768881  -1.5276069786305786  5.816154942085279  0
-35.96866595066499  -1.0143994053906542  36.513742954376156  0
-22.112061473187037  -1.0143994053906542  22.53877339806991  1
-21.598853899947112  -1.0143994053906542  22.019883673334185  1
-18.00640088726764  -1.0143994053906542  18.40111229328239  0
-17.493193314027717  -1.0143994053906542  17.892986555962626  0
-16.979985740787793  -1.0143994053906542  17.412911605543584  0
-16.46677816754787  -1.0143994053906542  16.893057765097318  0
-15.953570594307942  -1.0143994053906542  16.373289902773408  0
5.0879399085289565  -1.0143994053906542  5.222386345004104  0
5.601147481768881  -1.0143994053906542  5.734968410944716  0
11.759638360647974  -1.0143994053906542  11.936545786811122  1
12.272845933887899  -1.0143994053906542  12.458356682764505  1
-22.112061473187037  -0.5011918321507297  22.455779917600097  1
-21.598853899947112  -0.5011918321507297  21.93628431340155  1
-18.519608460507566  -0.5011918321507297  18.830923478749956  0
-18.00640088726764  -0.5011918321507297  18.31122739728241  0
-17.493193314027717  -0.5011918321507297  17.80121965008099  0
-16.979985740787793  -0.5011918321507297  17.31686516732605  0
-12.361117581628472  -0.5011918321507297  12.718268579134794  1
5.601147481768881  -0.5011918321507297  5.720524034286185  0
11.24643078740805  -0.5011918321507297  11.481610726542838  1
11.759638360647974  -0.5011918321507297  11.96176609137003  1
12.272845933887899  -0.5011918321507297  12.485592850362963  1
-22.62526904642696  0.012015741089194657  22.909852031457184  1
-22.112061473187037  0.012015741089194657  22.390159069819447  1
-21.598853899947112  0.012015741089194657  21.870466113360578  1
-18.519608460507566  0.012015741089194657  18.762565310082728  0
-18.00640088726764  0.012015741089194657  18.24258742807789  0
-12.874325154868396  0.012015741089194657  13.155213146715207  1
-12.361117581628472  0.012015741089194657  12.630741019508157  1
5.0879399085289565  0.012015741089194657  5.250490266542992  0
5.601147481768881  0.012015741089194657  5.773322783915638  0
11.24643078740805  0.012015741089194657  11.545421030220805  1
11.759638360647974  0.012015741089194657  12.019481777737663  1
-23.138476619666886  0.5252233143291191  23.381041083981792  1
-22.62526904642696  0.5252233143291191  22.861547859610468  1
-22.112061473187037  0.5252233143291191  22.3420639305986  1
-21.598853899947112  0.5252233143291191  21.822589960770685  1
-18.519608460507566  0.5252233143291191  18.715097296646366  0
-12.874325154868396  0.5252233143291191  13.097542959875348  1
-12.361117581628472  0.5252233143291191  12.573713574604731  1
5.601147481768881  0.5252233143291191  5.887463000255886  0
11.24643078740805  0.5252233143291191  11.642282079141653  1
-23.138476619666886  1.0384308875690433  23.349389961453156  1
-17.493193314027717  1.0384308875690433  17.65781976149639  1
-16.979985740787793  1.0384308875690433  17.163809581573986  1
-12.874325154868396  1.0384308875690433  13.069544848522797  1
-12.361117581628472  1.0384308875690433  12.547601322077057  1
-3.6365888365497576  1.0384308875690433  3.788007145957299  0
-3.1233812633098332  1.0384308875690433  3.2925809775380377  0
-0.04413582387028704  1.0384308875690433  1.2497454134593686  0
0.46907174936963736  1.0384308875690433  1.4075318199007645  0
-23.138476619666886  1.5516384608089677  23.33466020774572  1
-16.46677816754787  1.5516384608089677  16.640547412378194  0
-15.953570594307942  1.5516384608089677  16.122817209293288  0
-12.874325154868396  1.5516384608089677  13.071408792375546  1
-3.6365888365497576  1.5516384608089677  3.9561721241940093  0
-3.1233812633098332  1.5516384608089677  3.497740175972792  0
-0.04413582387028704  1.5516384608089677  1.86987504301984  0
0.46907174936963736  1.5516384608089677  2.001995054172376  0
-26.217722059106432  2.0648460340488923  26.437255453489662  0
-16.46677816754787  2.0648460340488923  16.66070403994898  0
-15.953570594307942  2.0648460340488923  16.145653106532833  0
-15.440363021068018  2.0648460340488923  15.63101022999476  0
-13.38753272810832  2.0648460340488923  13.618345417584827  0
-3.1233812633098332  2.0648460340488923  3.794514183330992  0
-2.610173690069909  2.0648460340488923  3.410652619382237  0
-0.04413582387028704  2.0648460340488923  2.4901393897153787  0
0.46907174936963736  2.0648460340488923  2.6085656969848503  0
-23.65168419290681  2.5780536072888167  23.870380493863717  1
-15.953570594307942  2.5780536072888167  16.192814437415585  0
-15.440363021068018  2.5780536072888167  15.681812529600272  0
-14.927155447828094  2.5780536072888167  15.171504883149673  0
-14.41394787458817  2.5780536072888167  14.670165639362308  0
-13.900740301348245  2.5780536072888167  14.185735879433373  0
-2.610173690069909  2.5780536072888167  3.828649702119961  0
-2.0969661168299845  2.5780536072888167  3.541765167848925  0
-0.04413582387028704  2.5780536072888167  3.113128424790853  0
-2.610173690069909  3.091261180528741  4.296001018648228  0
-2.0969661168299845  3.091261180528741  4.053636392000033  0
-1.5837585435900603  3.091261180528741  3.868958744074103  0
-1.070550970350136  3.091261180528741  3.7504994355538135  0
-0.5573433971102114  3.091261180528741  3.7046160147270335  0
-0.04413582387028704  3.091261180528741  3.7339846542906603  0
-4.663003983029607  3.6044687537686655  6.039332271109188  1
20.484167105726687  3.6044687537686655  21.59828941457838  0
-18.00640088726764  4.117676327008589  18.471315706125374  1
-5.689419129509456  4.117676327008589  7.16464761037593  1
-5.176211556269531  4.117676327008589  6.791844855584575  1
-4.663003983029607  4.117676327008589  6.440864318069784  1
-4.1497964097896824  4.117676327008589  6.115464445723957  1
20.99737467896661  4.117676327008589  22.296299275432702  1
21.510582252206536  4.117676327008589  22.802916303090107  1
-4.663003983029607  4.630883900248514  6.875239930239497  1
-4.1497964097896824  4.630883900248514  6.578116878144229  1
-3.6365888365497576  4.630883900248514  6.3113322794329605  1
21.510582252206536  4.630883900248514  23.004662551502324  1
-19.03281603374749  5.144091473488438  19.72324213973983  0
-6.715834275989304  5.144091473488438  8.667710883272937  0
-6.20262670274938  5.144091473488438  8.300844114589893  0
-3.6365888365497576  5.144091473488438  6.824012704076457  1
-3.1233812633098332  5.144091473488438  6.616310495432979  1
-6.715834275989304  5.657299046728363  9.075149587865237  0
-6.20262670274938  5.657299046728363  8.721678424054499  0
-5.689419129509456  5.657299046728363  8.394794428008392  0
-3.1233812633098332  5.657299046728363  7.167378670861909  1
-2.610173690069909  5.657299046728363  7.016185146970007  1
-41.100741683064236  6.170506619968287  41.57725028716633  1
-40.58753410982431  6.170506619968287  41.08218781377335  1
-17.493193314027717  6.170506619968287  18.611725428397065  1
-16.979985740787793  6.170506619968287  18.137397896268773  1
-16.46677816754787  6.170506619968287  17.660366744747595  1
-6.20262670274938  6.170506619968287  9.175832032107595  0
-5.689419129509456  6.170506619968287  8.875858558039056  0
-5.176211556269531  6.170506619968287  8.582634135768597  0
-2.610173690069909  6.170506619968287  7.595006559070107  1
-40.58753410982431  6.683714193208211  41.15095524227722  1
-16.979985740787793  6.683714193208211  18.353705131548743  1
-16.46677816754787  6.683714193208211  17.889351436480876  1
-6.20262670274938  6.683714193208211  9.636695325606734  0
-5.689419129509456  6.683714193208211  9.356105068445997  0
-2.610173690069909  6.683714193208211  8.180121499549799  1
-2.0969661168299845  6.683714193208211  8.093551256767217  1
-22.112061473187037  7.196921766448136  23.307066680787365  1
-18.519608460507566  7.196921766448136  19.97732771546834  0
-16.46677816754787  7.196921766448136  18.132120258610016  1
-8.255456995709077  7.196921766448136  11.351166972549247  1
-2.610173690069909  7.196921766448136  8.776776293337518  1
-2.0969661168299845  7.196921766448136  8.700762677337748  1
-21.598853899947112  7.71012933968806  23.022580006032776  1
-16.46677816754787  7.71012933968806  18.39319185907747  1
-15.953570594307942  7.71012933968806  17.948320337523512  1
-2.0969661168299845  7.71012933968806  9.319429439489955  1
-21.085646326707188  8.223336912927985  22.766416164172526  1
-20.572438753467264  8.223336912927985  22.30114002728975  1
-16.46677816754787  8.223336912927985  18.67179852265616  1
-15.953570594307942  8.223336912927985  18.23539212303949  1
-15.440363021068018  8.223336912927985  17.793530718178264  1
-2.0969661168299845  8.223336912927985  9.926422379194442  1
-15.953570594307942  8.73654448616791  18.53935491618192  1
-2.0969661168299845  8.73654448616791  10.535231225479414  1
-19.03281603374749  9.249752059407834  21.45236725383038  0
-19.03281603374749  9.762959632647759  21.74064417928765  0
-2.610173690069909  9.762959632647759  11.878073742941954  1
-19.03281603374749  10.276167205887683  22.04310740145252  0
-19.03281603374749  10.789374779127607  22.3591812135451  0
-19.03281603374749  11.302582352367532  22.688296789690042  0
-4.1497964097896824  11.302582352367532  13.922361243997202  0
-6.20262670274938  13.35541264532723  16.91001450719842  1
-5.689419129509456  13.35541264532723  16.77385693325937  1
-5.689419129509456  13.868620218567154  17.36496894403092  1
-1.5837585435900603  13.868620218567154  16.88005324772406  1
-1.070550970350136  13.868620218567154  16.89098392990788  1
2.0086944690894106  13.868620218567154  17.28957600339653  1
2.521902042329335  13.868620218567154  17.409814825588896  1
-5.689419129509456  14.381827791807078  18.02429245295997  1
-1.5837585435900603  14.381827791807078  17.50512969810525  1
-1.070550970350136  14.381827791807078  17.517544273785788  1
0.46907174936963736  14.381827791807078  17.667135345123384  1
2.0086944690894106  14.381827791807078  17.92575832348537  1
2.521902042329335  14.381827791807078  18.039475704360946  1
-5.689419129509456  14.895035365047002  18.621457599224527  1
-1.070550970350136  14.895035365047002  18.181855980133363  1
0.9822793226095617  14.895035365047002  18.369782365896796  1
1.495486895849486  14.895035365047002  18.453130926640267  1
2.0086944690894106  14.895035365047002  18.550685449911423  1
26.129450411365855  14.895035365047002  33.44698642370202  1
26.64265798460578  14.895035365047002  33.88398445802835  1
27.155865557845704  14.895035365047002  34.32327779732739  1
27.66907313108563  14.895035365047002  34.76477943024499  1
28.182280704325553  14.895035365047002  35.208406283138984  1
28.695488277565477  14.895035365047002  35.606265941815884  1
-17.493193314027717  15.408242938286927  24.693411076820276  0
-5.689419129509456  15.408242938286927  19.220642059472027  1
25.61624283812593  15.408242938286927  33.408109031875235  1
26.129450411365855  15.408242938286927  33.83849651499132  1
26.64265798460578  15.408242938286927  34.27135010124784  1
-17.493193314027717  15.921450511526851  25.137670882696177  0
26.129450411365855  15.921450511526851  34.23709812486402  1
36.90680944940427  15.921450511526851  43.39242772605654  0
37.420017022644195  15.921450511526851  43.85565470047775  0
37.93322459588412  15.921450511526851  44.32009117213853  0
38.446432169124044  15.921450511526851  44.78406726426296  0
26.64265798460578  16.434658084766774  35.06713270224954  0
27.155865557845704  16.947865658006698  35.866603725423346  0
27.66907313108563  16.947865658006698  36.2916941049928  0
28.182280704325553  16.947865658006698  36.71920290789821  0
28.695488277565477  16.947865658006698  37.14904664107366  0
29.2086958508054  16.947865658006698  37.58114518557201  0
29.721903424045326  16.947865658006698  38.01542165420862  0
30.23511099728525  16.947865658006698  38.45180225432854  0
30.748318570525175  16.947865658006698  38.907564461064034  0
-6.715834275989304  17.974280804486547  22.457857917023993  1
-6.20262670274938  17.974280804486547  22.35268324896941  1
-6.715834275989304  18.48748837772647  23.058410699870755  1
-6.20262670274938  18.48748837772647  22.957284623865817  1
4.061524762049108  18.48748837772647  23.396648353880416  0
-6.715834275989304  19.000695950966396  23.662582174891327  1
-6.20262670274938  19.000695950966396  23.565225846827612  1
4.061524762049108  19.000695950966396  24.016319406479454  0
-6.20262670274938  19.51390352420632  24.173712455182788  1
4.061524762049108  20.54031867068617  25.877972294082262  0
4.574732335289032  20.54031867068617  26.01130517088567  0
-19.546023606987415  21.053526243926093  31.0188963975626  1
3.548317188809184  21.053526243926093  26.37757843481006  0
4.061524762049108  21.053526243926093  26.49932943444926  0
4.574732335289032  21.053526243926093  26.63068609103652  0
15.352091373327445  21.053526243926093  31.34184381848386  1
15.86529894656737  21.053526243926093  31.64283368774298  1
16.378506519807292  21.053526243926093  31.94945366437448  1
16.891714093047216  21.053526243926093  32.26154322112826  1
17.40492166628714  21.053526243926093  32.55152823988691  1
-19.546023606987415  21.566733817166018  31.50676658127601  1
-19.546023606987415  22.079941390405942  31.99955340197368  1
16.891714093047216  22.079941390405942  33.28024320705924  0
17.40492166628714  22.079941390405942  33.587206916090054  0
17.918129239527065  22.079941390405942  33.8993486879036  0
18.43133681276699  22.079941390405942  34.21652681281257  0
-6.20262670274938  22.593148963645866  27.809929330953324  0
0.46907174936963736  22.593148963645866  27.730121703892944  1
17.40492166628714  22.593148963645866  34.12543353806059  0
2.0086944690894106  24.13277168336564  29.81700025636597  0
28.182280704325553  25.672394403085413  44.08120468459927  1
23.05020497192631  29.264847415764883  44.316308913192664  1
23.05020497192631  29.778054989004808  44.85369252427113  1
23.05020497192631  30.291262562244732  45.394627848616786  1
-20.572438753467264  31.830885281964505  42.82840004565179  0
-20.572438753467264  32.34409285520443  43.381521911925105  0
